form,lemma,pos,morph
Alleluia,allelvia,NOM1,Case=Nom|Numb=Sing
.,qvinqvaginta,ADJcar,Case=Acc|Numb=Plur
Laudate,lavdates,NOM3,Case=Voc|Numb=Sing
dominum,dominvs,NOM2,Case=Acc|Numb=Sing
.,qvinqvaginta,ADJcar,Case=Acc|Numb=Plur
quoniam,qvoniam,CONsub,MORPH=empty
bonus,bonvs,ADJqua,Case=Nom|Numb=Sing|Deg=Pos
est,svm,VER,Numb=Sing|Mood=Ind|Tense=Pres|Voice=Act|Person=3
psalmus,psalmvs,NOM2,Case=Nom|Numb=Sing
deo,devs,NOM2,Case=Dat|Numb=Sing
nostro,noster,PROpos,Case=Dat|Numb=Sing
iucunda,ivcvndvs,ADJqua,Case=Nom|Numb=Sing|Deg=Pos
sit,svm,VER,Numb=Sing|Mood=Sub|Tense=Pres|Voice=Act|Person=3
laudatio,lavdatio,NOM3,Case=Nom|Numb=Sing
et,et,CONcoo,MORPH=empty
reliqua,reliqvvs,ADJqua,Case=Nom|Numb=Sing|Deg=Pos
.,qvintvs,ADJcar,Case=Gen|Numb=Plur
Post,post,NOM3,Numb=Sing
primam,primvs,ADJord,Case=Acc|Numb=Sing|Deg=Sup
Hierusalem,hiervsalis,NOM3,Case=Acc|Numb=Sing
subuersionem,svbversio,NOM3,Case=Acc|Numb=Sing
traducto,tradvco,VER,Case=Abl|Numb=Sing|Mood=Par|Tense=Perf|Voice=Pass
-que,qvivis,CONcoo,MORPH=empty
in,in,PRE,MORPH=empty
Babyloniam,babylonia,NOM1,Case=Acc|Numb=Sing
populo,popvlvs,NOM2,Case=Abl|Numb=Sing
captiuo,captivvs,ADJqua,Case=Abl|Numb=Sing|Deg=Pos
sedificatam,sedifico,VER,Case=Acc|Numb=Sing|Mood=Par|Tense=Perf|Voice=Pass
rursum,rvrsvs,ADV,Deg=Pos
eandem,idem,PROdem,Case=Acc|Numb=Sing
ciuitatem,civitas,NOM3,Case=Acc|Numb=Sing
fuisse,svm,VER,Mood=Inf|Tense=Perf|Voice=Act
et,et,CONcoo,MORPH=empty
historia,historia,NOM1,Case=Abl|Numb=Sing
Regnorum,regni,NOM2,Case=Gen|Numb=Plur
et,et,CONcoo,MORPH=empty
libri,liber,NOM2,Case=Nom|Numb=Plur
Esdrse,essesvs,NOM2,Case=Acc|Numb=Sing
locuntur,loqvor,VER,Numb=Plur|Mood=Ind|Tense=Pres|Voice=Dep|Person=3
.,qvadrantal,ADJcar,Case=Acc|Numb=Plur
sed,sed,CONcoo,MORPH=empty
hodie,hodie,ADV,Deg=Pos
eandem,idem,PROdem,Case=Acc|Numb=Sing
nullam,nvllvs,PROind,Case=Acc|Numb=Sing
esse,svm,VER,Mood=Inf|Tense=Pres|Voice=Act
rerum,res,NOM5,Case=Gen|Numb=Plur
fides,fides,NOM5,Case=Nom|Numb=Sing
edocet,edoceo,VER,Numb=Sing|Mood=Ind|Tense=Fut|Voice=Act|Person=3
.,vnvs,ADJcar,Case=Acc|Numb=Plur
et,et,CONcoo,MORPH=empty
hoc,hic,PROdem,Case=Acc|Numb=Sing
idcirco,idcirco,ADV,Deg=Pos
praediximus,praedico,VER,Numb=Plur|Mood=Ind|Tense=Perf|Voice=Act|Person=1
ne,ne,CONsub,MORPH=empty
quia,qvia,CONsub,MORPH=empty
translatoribus,translator,NOM3,Case=Dat|Numb=Plur
uisum,video,VER,Case=Nom|Numb=Sing|Mood=Ind|Tense=Perf|Voice=Pass|Person=3
est,svm,VER,Numb=Sing|Mood=Ind|Tense=Pres|Voice=Act|Person=3
huic,hic,PROdem,Case=Dat|Numb=Sing
et,et,CONcoo,MORPH=empty
anteriori,anterior,ADJqua,Case=Dat|Numb=Sing|Deg=Pos
psalmo,psalmvs,NOM2,Case=Dat|Numb=Sing
in,in,PRE,MORPH=empty
Aggseum,aggsevs,NOM2,Case=Acc|Numb=Sing
et,et,CONcoo,MORPH=empty
Zachariam,zacharia,NOM1,Case=Acc|Numb=Sing|Deg=Pos
titulum,titvlvs,NOM2,Case=Acc|Numb=Sing
praescribere,praescribo,VER,Mood=Inf|Tense=Pres|Voice=Act
existimemus,existimo,VER,Numb=Plur|Mood=Sub|Tense=Pres|Voice=Act|Person=1
in,in,PRE,MORPH=empty
illius,ille,PROdem,Case=Gen|Numb=Sing
temporis,tempvs,NOM3,Case=Gen|Numb=Sing
homines,homo,NOM3,Case=Acc|Numb=Plur
prophetise,prophetise,ADV,Deg=Pos
huius,hic,PROdem,Case=Gen|Numb=Sing
prsescientiam,prsescientia,NOM1,Case=Acc|Numb=Sing
conuenire,convenio,VER,Mood=Inf|Tense=Pres|Voice=Act
.,vnvs,ADJcar,Case=Acc|Numb=Plur
propheta,propheta,NOM1,Case=Nom|Numb=Sing
enim,enim,CONcoo,MORPH=empty
non,non,ADVneg,MORPH=empty
ignarus,ignarvs,ADJqua,Case=Nom|Numb=Sing|Deg=Pos
mysterii,mysterivs,NOM2,Case=Gen|Numb=Sing
caelestis,caelestis,ADJqua,Case=Nom|Numb=Sing|Deg=Pos
cum,cvm,CONsub,MORPH=empty
in,in,PRE,MORPH=empty
sedificatione,sedificatio,NOM3,Case=Abl|Numb=Sing
dei,devs,NOM2,Case=Gen|Numb=Sing
ciuitatis,civitas,NOM3,Case=Gen|Numb=Sing
humanam,hvmanvs,ADJqua,Case=Acc|Numb=Sing|Deg=Pos
sedificationem,sedificatio,NOM3,Case=Acc|Numb=Sing
inanem,inanis,ADJqua,Case=Acc|Numb=Sing|Deg=Pos
esse,svm,VER,Mood=Inf|Tense=Pres|Voice=Act
dixisset,dico,VER,Numb=Sing|Mood=Sub|Tense=Pqp|Voice=Act|Person=3
cum,cvm,CONsub,MORPH=empty
deo,devs,NOM2,Case=Abl|Numb=Sing
ciuitas,civitas,NOM3,Case=Nom|Numb=Sing
nisi,nisi,CONsub,MORPH=empty
per,per,PRE,MORPH=empty
ipsum,ipse,PROdem,Case=Acc|Numb=Sing
sedificata,sedifico,VER,Case=Acc|Numb=Sing|Mood=Par|Tense=Perf|Voice=Pass
aeterna,aeternvs,ADJqua,Case=Nom|Numb=Sing|Deg=Pos
esse,svm,VER,Mood=Inf|Tense=Pres|Voice=Act
non,non,ADVneg,MORPH=empty
posset,possvm,VER,Numb=Sing|Mood=Sub|Tense=Impa|Voice=Act|Person=3
non,non,ADVneg,MORPH=empty
nos,nos,PROper,Case=Nom|Numb=Plur
nunc,nvnc,ADV,Deg=Pos
ad,ad,PRE,MORPH=empty
gratulationem,gratvlatio,NOM3,Case=Acc|Numb=Sing
sedificatse,sedifico,VER,Mood=Inf|Tense=Pres|Voice=Act
a,ab,PRE,MORPH=empty
deo,devs,NOM2,Case=Abl|Numb=Sing
rursum,rvrsvs,ADV,Deg=Pos
Hierusalem,hiervsal,NOM3,Case=Acc|Numb=Sing
hortaretur,hortor,VER,Numb=Sing|Mood=Sub|Tense=Impa|Voice=Dep|Person=3
quam,qvi,PROrel,Case=Acc
in,in,PRE,MORPH=empty
uanum,vanvs,NOM2,Case=Acc|Numb=Sing
ab,ab,PRE,MORPH=empty
hominibus,homo,NOM3,Case=Abl|Numb=Plur
aedificari,aedifico,VER,Mood=Inf|Tense=Pres|Voice=Pass
ante,ante,ADV,Deg=Pos
praedixerat,praedico,VER,Numb=Sing|Mood=Ind|Tense=Pqp|Voice=Act|Person=3
.,qvintvs,ADJcar,Case=Acc|Numb=Plur
quod,qvi,CONcoo,MORPH=empty
si,si,CONsub,MORPH=empty
quis,qvis,PROind,Case=Nom|Numb=Sing
forte,forte,ADV,Deg=Pos
putabit,pvto,VER,Numb=Sing|Mood=Ind|Tense=Fut|Voice=Act|Person=3
id,is,PROdem,Case=Acc|Numb=Sing
.,vnvs,ADJcar,Case=Acc|Numb=Sing
quod,qvi,PROrel,Case=Nom|Numb=Sing
in,in,PRE,MORPH=empty
alio,alivs,PROind,Case=Abl|Numb=Sing
psalmo,psalmvs,NOM2,Case=Abl|Numb=Sing
ita,ita,ADV,Deg=Pos
dictum,dico,VER,Case=Nom|Numb=Sing|Mood=Ind|Tense=Perf|Voice=Pass|Person=3
est,svm,VER,Numb=Sing|Mood=Ind|Tense=Pres|Voice=Act|Person=3
nisi,nisi,CONsub,MORPH=empty
dominus,dominvs,NOM2,Case=Nom|Numb=Sing
sedificauerit,sedifico,VER,Numb=Sing|Mood=Ind|Tense=Fut|Voice=Act|Person=3
domum,domvs,NOM6,Case=Acc|Numb=Sing
in,in,PRE,MORPH=empty
uanum,vanvm,NOM2,Case=Acc|Numb=Sing
laborant,laboro,VER,Numb=Plur|Mood=Ind|Tense=Pres|Voice=Act|Person=3
qui,qvi,PROrel,Case=Nom|Numb=Plur
aedificant,aedifico,VER,Numb=Plur|Mood=Ind|Tense=Pres|Voice=Act|Person=3
eam,is,PROdem,Case=Acc|Numb=Sing
;,o,PRE,MORPH=empty
nisi,nisi,CONsub,MORPH=empty
dominus,dominvs,NOM2,Case=Nom|Numb=Sing
custodierit,cvstodio,VER,Numb=Sing|Mood=Sub|Tense=Perf|Voice=Act|Person=3
ciuitatem,civitas,NOM3,Case=Acc|Numb=Sing
in,in,PRE,MORPH=empty
uanum,vanvm,NOM2,Case=Acc|Numb=Sing
uigilabit,vigilo,VER,Numb=Sing|Mood=Ind|Tense=Fut|Voice=Act|Person=3
qui,qvi,PROrel,Case=Nom|Numb=Sing
custodit,cvstodio,VER,Numb=Sing|Mood=Ind|Tense=Pres|Voice=Act|Person=3
eam,is,PROdem,Case=Acc|Numb=Sing
idcirco,idcirco,ADV,Deg=Pos
dictum,dictvm,NOM2,Case=Acc|Numb=Sing
fuisse,svm,VER,Mood=Inf|Tense=Perf|Voice=Act
quia,qvia,CONsub,MORPH=empty
euersionem,eversio,NOM3,Case=Acc|Numb=Sing
eius,is,PROdem,Case=Gen|Numb=Sing
urbis,vrbs,NOM3,Case=Gen|Numb=Sing
in,in,PRE,MORPH=empty
qua,qvi,PROrel,Case=Abl|Numb=Sing
templum,templvm,NOM2,Case=Nom|Numb=Sing
exsedificandum,exsedifico,VER,Case=Nom|Numb=Sing|Mood=Adj|Voice=Pass
esset,svm,VER,Numb=Sing|Mood=Sub|Tense=Impa|Voice=Act|Person=3
propheta,propheta,NOM2,Case=Nom|Numb=Sing
praenosceret,praenosco,VER,Numb=Sing|Mood=Sub|Tense=Impa|Voice=Act|Person=3
meminisse,memini,VER,Mood=Inf|Tense=Perf|Voice=Act
haec,hic,PROdem,Case=Acc|Numb=Plur
ita,ita,ADV,Deg=Pos
intellegens,intelligens,VER,Case=Nom|Numb=Sing|Mood=Par|Voice=Act
debet,debeo,VER,Numb=Sing|Mood=Ind|Tense=Pres|Voice=Act|Person=3
eundem,idem,PROdem,Case=Acc|Numb=Sing
hunc,hic,PROdem,Case=Acc|Numb=Sing
prophetam,propheta,NOM1,Case=Acc|Numb=Sing
sedificationem,sedificatio,NOM3,Case=Acc|Numb=Sing
eam,is,PROdem,Case=Acc|Numb=Sing
quse,qvie,PROrel,Deg=Pos
a,ab,PRE,MORPH=empty
Zorobabel,zorobabel,NOM3,Case=Abl|Numb=Sing
secundo,secvndvs,ADJqua,Case=Abl|Numb=Sing|Deg=Pos
innouata,innovo,ADJqua,Case=Nom|Numb=Sing|Tense=Perf|Voice=Pass
est,svm,VER,Numb=Sing|Mood=Ind|Tense=Pres|Voice=Act|Person=3
et,et,CONcoo,MORPH=empty
inanem,inanis,ADJqua,Case=Acc|Numb=Sing|Deg=Pos
et,et,CONcoo,MORPH=empty
caducam,cadvcvs,ADJqua,Case=Acc|Numb=Sing|Deg=Pos
futuram,svm,ADJqua,Case=Acc|Numb=Sing|Mood=Inf
fuisse,svm,VER,Mood=Inf|Tense=Perf|Voice=Act
non,non,ADVneg,MORPH=empty
ignorare,ignoro,VER,Mood=Inf|Tense=Pres|Voice=Act
potuisse,possvm,VER,Mood=Inf|Tense=Perf|Voice=Act
neque,neqve,CONcoo,MORPH=empty
illam,ille,PROdem,Case=Acc|Numb=Sing
quae,qvi,PROrel,Case=Nom|Numb=Sing
a,ab,PRE,MORPH=empty
Salomone,salomone,NOM2,Case=Abl|Numb=Sing
c,cvm,PRE,MORPH=empty
pta,pta,ADJqua,Numb=Sing|Deg=Pos
est,svm,VER,Numb=Sing|Mood=Ind|Tense=Pres|Voice=Act|Person=3
non,non,ADVneg,MORPH=empty
a,ab,PRE,MORPH=empty
deo,devs,NOM2,Case=Abl|Numb=Sing
institutam,institvo,VER,Case=Acc|Numb=Sing|Mood=Inf|Tense=Perf|Voice=Pass
idcirco,idcirco,ADV,Deg=Pos
dixisse,dico,VER,Mood=Inf|Tense=Perf|Voice=Act
quia,qvia,CONsub,MORPH=empty
per,per,PRE,MORPH=empty
regem,rex,NOM3,Case=Acc|Numb=Sing
Babylonise,babylonis,ADJqua,Case=Nom|Numb=Sing
esset,svm,VER,Numb=Sing|Mood=Sub|Tense=Impa|Voice=Act|Person=3
destruenda,destrvo,VER,Case=Nom|Numb=Sing|Mood=Adj|Voice=Pass
cum,cvm,CONsub,MORPH=empty
post,post,PRE,Deg=Pos
septuaginta,septvaginta,ADJcar,Case=Ind
deinde,deinde,ADV,Deg=Pos
annos,annvs,NOM2,Case=Acc|Numb=Plur
rursum,rvrsvs,ADV,Deg=Pos
eadem,idem,PROdem,Case=Nom|Numb=Sing
sit,svm,VER,Numb=Sing|Mood=Sub|Tense=Pres|Voice=Act|Person=3
reformata,reformo,VER,Case=Nom|Numb=Sing|Mood=Par|Tense=Perf|Voice=Pass
;,,PRE,MORPH=empty
hanc,hic,PROdem,Case=Acc|Numb=Sing
uero,vero,CONcoo,MORPH=empty
quse,qvi,ADVrel,Deg=Pos
a,ab,PRE,MORPH=empty
Zorobabel,zorobabel,NOM3,Case=Abl|Numb=Sing
gesta,gero,VER,Case=Nom|Numb=Sing|Mood=Par|Tense=Perf|Voice=Pass
est,svm,VER,Numb=Sing|Mood=Ind|Tense=Pres|Voice=Act|Person=3
esse,svm,VER,Mood=Inf|Tense=Pres|Voice=Act
sedificationem,sedificatio,NOM3,Case=Acc|Numb=Sing
dei,devs,NOM2,Case=Gen|Numb=Sing
praedicatam,praedico,VER,Case=Acc|Numb=Sing|Mood=Inf|Tense=Perf|Voice=Pass
cum,cvm,CONsub,MORPH=empty
exinde,exinde,ADV,Deg=Pos
diruta,dirvo,VER,Numb=Sing|Mood=Par|Tense=Perf|Voice=Pass
et,et,CONcoo,MORPH=empty
sine,sine,PRE,MORPH=empty
aliqua,aliqvis,PROind,Case=Abl|Numb=Sing
restauratione,restavratio,NOM3,Case=Abl|Numb=Sing
sit,svm,VER,Numb=Sing|Mood=Sub|Tense=Pres|Voice=Act|Person=3
dissoluta,dissolvtvs,ADJqua,Case=Nom|Numb=Sing
;,o,PRE,MORPH=empty
et,et,CONcoo,MORPH=empty
eam,is,PROdem,Case=Acc|Numb=Sing
dirutam,dirvo,VER,Case=Acc|Numb=Sing|Mood=Par|Tense=Perf|Voice=Pass
licet,licet,CONsub,MORPH=empty
renouatio,renovatio,NOM3,Case=Nom|Numb=Sing
sit,svm,VER,Numb=Sing|Mood=Sub|Tense=Pres|Voice=Act|Person=3
consecuta,conseqvor,VER,Case=Nom|Numb=Sing|Mood=Par|Tense=Perf|Voice=Dep
inanem,inanis,ADJqua,Case=Acc|Numb=Sing|Deg=Pos
atque,atqve,CONcoo,MORPH=empty
humanam,hvmanvs,ADJqua,Case=Acc|Numb=Sing|Deg=Pos
tamen,tamen,ADV,Deg=Pos
prsedicasse,prededico,VER,Mood=Inf|Tense=Perf|Voice=Act
hanc,hic,PROdem,Case=Acc|Numb=Sing
uero,vero,CONcoo,MORPH=empty
quae,qvi,PROrel,Case=Nom|Numb=Sing
sine,sine,PRE,MORPH=empty
spe,spes,NOM5,Case=Abl|Numb=Sing
reformationis,reformatio,NOM3,Case=Gen|Numb=Sing
acciderit,accido,VER,Numb=Sing|Mood=Sub|Tense=Perf|Voice=Act|Person=3
diuini,divinvs,ADJqua,Case=Gen|Numb=Sing|Deg=Pos
operis,opvs,NOM3,Case=Gen|Numb=Sing
perpetuitate,perpetvitas,NOM3,Case=Abl|Numb=Sing
renouari,renovo,VER,Mood=Inf|Tense=Pres|Voice=Pass
haec,hic,PROdem,Case=Acc|Numb=Plur
omnia,omnis,PROind,Case=Acc|Numb=Plur
intellegentise,intelligens,ADJqua,Case=Nom|Deg=Pos
genera,genvs,NOM3,Case=Nom|Numb=Plur
stulta,stvltvs,ADJqua,Case=Nom|Numb=Plur|Deg=Pos
atque,atqve,CONcoo,MORPH=empty
ridicula,ridicvlvs,ADJqua,Case=Nom|Numb=Plur|Deg=Pos
sunt,svm,VER,Numb=Plur|Mood=Ind|Tense=Pres|Voice=Act|Person=3
.,qvinqvaginta,ADJcar,Case=Acc|Numb=Plur
Laudat,lavdo,VER,Numb=Sing|Mood=Ind|Tense=Pres|Voice=Act|Person=3
autem,avtem,CONcoo,MORPH=empty
propheta,propheta,NOM2,Case=Acc|Numb=Sing
dominum,dominvs,NOM2,Case=Acc|Numb=Sing
aedificantem,aedifico,VER,Case=Acc|Numb=Sing|Mood=Par|Tense=Pres|Voice=Act
Hierusalem,hiervsalis,NOM3,Case=Acc|Numb=Sing
illam,ille,PROdem,Case=Acc|Numb=Sing
quae,qvi,PROrel,Case=Nom|Numb=Plur
secandum,seco,VER,Case=Nom|Numb=Sing|Mood=Adj|Voice=Pass
euangelia,evangelivm,NOM2,Case=Nom|Numb=Plur
sancti,sanctvs,ADJqua,Case=Gen|Numb=Sing|Deg=Pos
regis,rex,NOM3,Case=Gen|Numb=Sing
est,svm,VER,Numb=Sing|Mood=Ind|Tense=Pres|Voice=Act|Person=3
ciuitas,civitas,NOM3,Case=Nom|Numb=Sing
in,in,PRE,MORPH=empty
qua,qvi,PROrel,Case=Abl|Numb=Sing
per,per,PRE,MORPH=empty
dominum,dominvs,NOM2,Case=Acc|Numb=Sing
resurgentes,resvrgo,VER,Case=Nom|Numb=Plur|Mood=Par|Tense=Pres|Voice=Act
sancti,sanctvs,ADJqua,Case=Nom|Numb=Plur|Deg=Pos
demonstrantur,demonstro,VER,Numb=Plur|Mood=Ind|Tense=Pres|Voice=Pass|Person=3
quae,qvi,PROrel,Case=Nom|Numb=Plur
inuectum,inveho,VER,Case=Acc|Numb=Sing|Mood=Par|Tense=Perf|Voice=Pass
pullo,pvllvs,NOM2,Case=Abl|Numb=Sing
asinse,asinse,ADV,Deg=Pos
dominum,dominvs,NOM2,Case=Acc|Numb=Sing
sanctorum,sanctvs,ADJqua,Case=Gen|Numb=Plur|Deg=Pos
lseta,lsera,NOM2,Case=Acc|Numb=Plur
suscepit,svscipio,VER,Numb=Sing|Mood=Ind|Tense=Perf|Voice=Act|Person=3
.,qvadrantal,ADJcar,Case=Acc|Numb=Plur
corporaliter,corporaliter,ADV,Deg=Pos
tum,tvm,ADV,Deg=Pos
quidem,qvidem,ADV,Deg=Pos
tali,talis,PROdem,Case=Abl|Numb=Sing
uectione,vectio,NOM3,Case=Abl|Numb=Sing
illam,ille,PROdem,Case=Acc|Numb=Sing
quae,qvi,PROrel,Case=Nom|Numb=Sing
occidit,occido,VER,Numb=Sing|Mood=Ind|Tense=Perf|Voice=Act|Person=3
prophetas,propheta,NOM1,Case=Acc|Numb=Plur
et,et,CONcoo,MORPH=empty
lapidat,lapido,VER,Numb=Sing|Mood=Ind|Tense=Pres|Voice=Act|Person=3
apostolos,apostolvs,NOM2,Case=Acc|Numb=Plur
dominus,dominvs,NOM2,Case=Nom|Numb=Sing
ingressus,ingressvs,ADJqua,Case=Nom|Numb=Sing|Mood=Par|Tense=Perf|Voice=Dep
est,svm,VER,Numb=Sing|Mood=Ind|Tense=Pres|Voice=Act|Person=3
sed,sed,CONcoo,MORPH=empty
alterius,alter,PROind,Case=Gen|Numb=Sing
ciuitatis,civitas,NOM3,Case=Gen|Numb=Sing
erat,svm,VER,Numb=Sing|Mood=Ind|Tense=Impa|Voice=Act|Person=3
illa,ille,PROdem,Case=Nom|Numb=Sing
laetitia,laetitia,NOM1,Case=Abl|Numb=Sing
.,qvinqvaginta,ADJcar,Case=Gen|Numb=Sing
ob,ob,PRE,MORPH=empty
illius,ille,PROdem,Case=Gen|Numb=Sing
ergo,ergo,CONcoo,MORPH=empty
sedificationem,sedificatio,NOM3,Case=Acc|Numb=Sing
propheta,prophetvs,NOM2,Case=Nom|Numb=Sing
nos,nos,PROper,Case=Acc|Numb=Plur
aduocat,advoco,VER,Numb=Sing|Mood=Ind|Tense=Pres|Voice=Act|Person=3
dicens,dico,VER,Case=Nom|Numb=Sing|Mood=Par|Tense=Pres|Voice=Act
laudate,lavdo,VER,Numb=Plur|Mood=Imp|Tense=Pres|Voice=Act|Person=2
dominum,dominvs,NOM2,Case=Acc|Numb=Sing
quoniam,qvoniam,CONsub,MORPH=empty
bonus,bonvs,ADJqua,Case=Nom|Numb=Sing|Deg=Pos
est,svm,VER,Numb=Sing|Mood=Ind|Tense=Pres|Voice=Act|Person=3
psalmus,psalmvs,NOM2,Case=Nom|Numb=Sing
domino,dominvs,NOM2,Case=Dat|Numb=Sing
nostro,noster,PROpos,Case=Dat|Numb=Sing
sit,svm,VER,Numb=Sing|Mood=Sub|Tense=Pres|Voice=Act|Person=3
iucunda,ivcvndvs,ADJqua,Case=Nom|Numb=Sing|Deg=Pos
laudatio,lavdatio,NOM3,Case=Nom|Numb=Sing
.,pes,ADJcar,Case=Gen|Numb=Sing
non,non,ADVneg,MORPH=empty
leuis,levis,ADJqua,Case=Nom|Numb=Sing|Deg=Pos
gratulationis,gratvlatio,NOM3,Case=Gen|Numb=Sing
laus,lavs,NOM3,Case=Nom|Numb=Sing
est,svm,VER,Numb=Sing|Mood=Ind|Tense=Pres|Voice=Act|Person=3
cum,cvm,CONsub,MORPH=empty
bonus,bonvs,ADJqua,Case=Nom|Numb=Sing|Deg=Pos
psalmus,psalmvs,NOM2,Case=Nom|Numb=Sing
est,svm,VER,Numb=Sing|Mood=Ind|Tense=Pres|Voice=Act|Person=3
.,vnvs,ADJcar,Case=Gen|Numb=Sing
et,et,CONcoo,MORPH=empty
psalmus,psalmvs,NOM2,Case=Nom|Numb=Sing
non,non,ADVneg,MORPH=empty
tam,tam,ADV,Deg=Pos
uocis,vox,NOM3,Case=Gen|Numb=Sing
ut,vt,ADVrel,MORPH=empty
frequenter,freqventer,ADV,Deg=Pos
diximus,dico,VER,Numb=Plur|Mood=Ind|Tense=Perf|Voice=Act|Person=1
quam,qvam,ADVrel,MORPH=empty
corporeae,corporevs,ADJqua,Case=Gen|Numb=Sing|Deg=Pos
operationis,operatio,NOM3,Case=Gen|Numb=Sing
officium,officivm,NOM2,Case=Acc|Numb=Sing
significari,significo,VER,Mood=Inf|Tense=Pres|Voice=Pass
solet,soleo,VER,Numb=Sing|Mood=Ind|Tense=Pres|Voice=SemDep|Person=3
.,vnvs,ADJcar,Case=Gen|Numb=Sing
dominum,dominvs,NOM2,Case=Acc|Numb=Sing
enim,enim,CONcoo,MORPH=empty
non,non,ADVneg,MORPH=empty
tam,tam,ADV,Deg=Pos
sermone,sermo,NOM3,Case=Abl|Numb=Sing
quam,qvam,ADVrel,MORPH=empty
re,res,NOM5,Case=Abl|Numb=Sing
et,et,CONcoo,MORPH=empty
gestis,gero,VER,Case=Abl|Numb=Plur|Mood=Par|Tense=Perf|Voice=Pass
ob,ob,PRE,MORPH=empty
dientise,dientise,ADV,Deg=Pos
laudamus,lavdo,VER,Numb=Plur|Mood=Ind|Tense=Pres|Voice=Act|Person=1
ut,vt,CONsub,MORPH=empty
mare,mare,NOM3,Case=Acc|Numb=Sing
et,et,CONcoo,MORPH=empty
terra,terra,NOM1,Case=Abl|Numb=Sing
et,et,CONcoo,MORPH=empty
caelum,caelvm,NOM2,Case=Acc|Numb=Sing
deum,devs,NOM2,Case=Gen|Numb=Plur
non,non,ADVneg,MORPH=empty
tam,tam,ADV,Deg=Pos
uoce,vox,NOM3,Case=Abl|Numb=Sing
quam,qvam,ADVrel,MORPH=empty
officiorum,officivm,NOM2,Case=Gen|Numb=Plur
suorum,svvs,PROpos.ref,Case=Gen|Numb=Plur
uicissitudine,vicissitvdo,NOM3,Case=Abl|Numb=Sing
atque,atqve,CONcoo,MORPH=empty
obseruatione,observatio,NOM3,Case=Abl|Numb=Sing
laudant,lavdo,VER,Numb=Plur|Mood=Ind|Tense=Pres|Voice=Act|Person=3
.,vnvs,ADJcar,Case=Acc|Numb=Plur
aduocat,advoco,VER,Numb=Sing|Mood=Ind|Tense=Pres|Voice=Act|Person=3
igitur,igitvr,CONcoo,MORPH=empty
nos,nos,PROper,Case=Acc|Numb=Plur
propheta,propheta,NOM2,Case=Nom|Numb=Sing
ad,ad,PRE,MORPH=empty
dei,devs,NOM2,Case=Gen|Numb=Sing
laudem,lavs,NOM3,Case=Acc|Numb=Sing
quia,qvia,CONsub,MORPH=empty
bonus,bonvs,ADJqua,Case=Nom|Numb=Sing|Deg=Pos
psalmus,psalmvs,NOM2,Case=Nom|Numb=Sing
est,svm,VER,Numb=Sing|Mood=Ind|Tense=Pres|Voice=Act|Person=3
et,et,CONcoo,MORPH=empty
optat,opto,VER,Numb=Sing|Mood=Ind|Tense=Pres|Voice=Act|Person=3
ut,vt,CONsub,MORPH=empty
huius,hic,PROdem,Case=Gen|Numb=Sing
boni,bonvm,NOM2,Case=Gen|Numb=Sing
psalmi,psalmvs,NOM2,Case=Gen|Numb=Sing
deo,devs,NOM2,Case=Dat|Numb=Sing
nostro,noster,PROpos,Case=Dat|Numb=Sing
fiat,fio,VER,Numb=Sing|Mood=Sub|Tense=Pres|Voice=Act|Person=3
iucunda,ivcvndvs,ADJqua,Case=Nom|Numb=Sing|Deg=Pos
laudatio,lavdatio,NOM3,Case=Nom|Numb=Sing
scilicet,scilicet,ADV,Deg=Pos
ut,vt,CONsub,MORPH=empty
placentia,placeo,NOM1,Case=Nom|Numb=Plur
deo,devs,NOM2,Case=Dat|Numb=Sing
opera,opvs,NOM3,Case=Nom|Numb=Plur
nostra,noster,PROpos,Case=Nom|Numb=Plur
sint,svm,VER,Numb=Plur|Mood=Sub|Tense=Pres|Voice=Act|Person=3
per,per,PRE,MORPH=empty
quse,qvi,PROrel,MORPH=empty
a,ab,PRE,MORPH=empty
nobis,nos,PROper,Case=Abl|Numb=Plur
gestorum,gesti,VER,Case=Gen|Numb=Plur|Mood=Par|Tense=Perf|Voice=Pass
nostrorum,nostri,PROpos,Case=Gen|Numb=Plur
laudatur,lavdo,VER,Numb=Sing|Mood=Ind|Tense=Pres|Voice=Pass|Person=3
obsequio,obseqvivm,NOM2,Case=Abl|Numb=Sing
.,pes,ADJcar,Case=Gen|Numb=Sing
Aedificans,aedificas,NOM3,Case=Nom|Numb=Sing
Hierusalem,hiervsalis,NOM3,Case=Acc|Numb=Sing
dominus,dominvs,NOM2,Case=Nom|Numb=Sing
et,et,CONcoo,MORPH=empty
dispersiones,dispersio,NOM3,Case=Acc|Numb=Plur
Israhel,israhel,NOM7,Case=Nom|Numb=Sing
congregans,congrego,VER,Case=Nom|Numb=Sing|Mood=Par|Tense=Pres|Voice=Act
.,qvadrantal,ADJcar,Case=Acc|Numb=Plur
qui,qvi,PROrel,Case=Nom|Numb=Sing
sanat,sano,VER,Numb=Sing|Mood=Ind|Tense=Pres|Voice=Act|Person=3
contritos,conterno,VER,Case=Acc|Numb=Plur|Mood=Par|Tense=Perf|Voice=Pass
corde,cor,NOM3,Case=Abl|Numb=Sing
et,et,CONcoo,MORPH=empty
alligat,alligo,VER,Numb=Sing|Mood=Ind|Tense=Pres|Voice=Act|Person=3
contritiones,contritio,NOM3,Case=Acc|Numb=Plur
eorum,is,PROdem,Case=Gen|Numb=Plur
.,qvintvs,ADJcar,Case=Acc|Numb=Plur
numerans,nvmero,VER,Case=Nom|Numb=Sing|Mood=Par|Tense=Pres|Voice=Act
multitudinem,mvltitvdo,NOM3,Case=Acc|Numb=Sing
stellarum,stella,NOM1,Case=Gen|Numb=Plur
et,et,CONcoo,MORPH=empty
omnibus,omnis,PROind,Case=Dat|Numb=Plur
his,hic,PROdem,Case=Dat|Numb=Plur
nomina,nomen,NOM3,Case=Acc|Numb=Plur
uocans,voco,VER,Case=Nom|Numb=Sing|Mood=Par|Tense=Pres|Voice=Act
.,qvadrantal,ADJcar,Case=Acc|Numb=Plur
reuersuris,revertor,VER,Case=Abl|Numb=Plur|Mood=Par|Tense=Fut|Voice=Dep
de,de,PRE,MORPH=empty
Babylonia,babylonia,NOM1,Case=Abl|Numb=Sing
in,in,PRE,MORPH=empty
Hierusalem,hiervsal,NOM3,Case=Acc|Numb=Sing
Iudaeis,ivdaei,ADJqua,Case=Abl|Numb=Plur|Deg=Pos
sub,svb,PRE,MORPH=empty
Dario,darivs,NOM2,Case=Abl|Numb=Sing
rege,rex,NOM3,Case=Abl|Numb=Sing
edicto,edictvm,NOM2,Case=Abl|Numb=Sing
potestas,potestas,NOM3,Case=Nom|Numb=Sing
data,do,VER,Case=Nom|Numb=Sing|Mood=Par|Tense=Perf|Voice=Pass
est,svm,VER,Numb=Sing|Mood=Ind|Tense=Pres|Voice=Act|Person=3
reuertendi,revertor,VER,Case=Gen|Numb=Sing|Mood=Ger|Voice=Dep
.,vnvs,ADJcar,Case=Gen|Numb=Plur
neque,neqve,CONcoo,MORPH=empty
alibi,alibi,ADV,Deg=Pos
tum,tvm,ADV,Deg=Pos
quam,qvam,ADVrel,MORPH=empty
in,in,PRE,MORPH=empty
regni,regnvm,NOM2,Case=Gen|Numb=Sing
Babyloniae,babylonia,ADJqua,Case=Gen|Numb=Sing|Deg=Pos
finibus,finis,NOM3,Case=Abl|Numb=Plur
detinebantur,detineo,VER,Numb=Plur|Mood=Ind|Tense=Impa|Voice=Pass|Person=3
ex,ex,PRE,MORPH=empty
qua,qvi,PROrel,Case=Abl|Numb=Sing
ergo,ergo,CONcoo,MORPH=empty
dispersione,dispersio,NOM3,Case=Abl|Numb=Sing
Israhel,israhel,ADJqua,Case=Nom|Numb=Sing
congregatur,congrego,VER,Numb=Sing|Mood=Ind|Tense=Pres|Voice=Pass|Person=3
nempe,nempe,ADV,Deg=Pos
ea,is,PROdem,Case=Nom|Numb=Plur
de,de,PRE,MORPH=empty
qua,qvi,PROrel,Case=Abl|Numb=Sing
ait,aio,VER,Numb=Sing|Mood=Ind|Tense=Pres|Voice=Act|Person=3
dominus,dominvs,NOM2,Case=Nom|Numb=Sing
emittet,emitto,VER,Numb=Sing|Mood=Ind|Tense=Fut|Voice=Act|Person=3
angelos,angelvs,NOM2,Case=Acc|Numb=Plur
suos,svvs,PROpos.ref,Case=Acc|Numb=Plur
cum,cvm,PRE,MORPH=empty
tuba,tvba,NOM1,Case=Abl|Numb=Sing
et,et,CONcoo,MORPH=empty
uoce,vox,NOM3,Case=Abl|Numb=Sing
magna,magnvs,ADJqua,Case=Abl|Numb=Sing|Deg=Pos
et,et,CONcoo,MORPH=empty
congregabit,congrego,VER,Numb=Sing|Mood=Ind|Tense=Fut|Voice=Act|Person=3
electos,electvs,VER,Case=Acc|Numb=Plur|Mood=Par|Tense=Perf|Voice=Pass
a,ab,PRE,MORPH=empty
quattuor,qvatvor,ADJcar,Case=Ind
angulis,angvlvs,NOM1,Case=Abl|Numb=Plur
uentorum,ventvs,NOM2,Case=Gen|Numb=Plur
quorum,qvi,PROrel,Case=Gen|Numb=Plur
congregatio,congregatio,NOM3,Case=Nom|Numb=Sing
coetum,coetvs,NOM4,Case=Acc|Numb=Sing
sanctae,sanctvs,ADJqua,Case=Gen|Numb=Sing|Deg=Pos
ciuitatis,civitas,NOM3,Case=Gen|Numb=Sing
efficiet,efficio,VER,Numb=Sing|Mood=Ind|Tense=Fut|Voice=Act|Person=3
quae,qvi,PROrel,Case=Nom|Numb=Sing
hodie,hodie,ADV,Deg=Pos
per,per,PRE,MORPH=empty
spei,spes,NOM5,Case=Gen|Numb=Sing
et,et,CONcoo,MORPH=empty
fidei,fides,NOM5,Case=Gen|Numb=Sing
opus,opvs,NOM3,Case=Nom
sedificatur,sedifico,VER,Numb=Sing|Mood=Ind|Tense=Pres|Voice=Pass|Person=3
in,in,PRE,MORPH=empty
nobis,nos,PROper,Case=Abl|Numb=Plur
.,qvintvs,ADJcar,Case=Acc|Numb=Plur
et,et,CONcoo,MORPH=empty
idcirco,idcirco,ADV,Deg=Pos
anterior,anterior,ADJqua,Case=Nom|Numb=Sing|Deg=Comp
sedificatio,sedificatio,NOM3,Case=Nom|Numb=Sing
congregatione,congregatio,NOM3,Case=Abl|Numb=Sing
est,svm,VER,Numb=Sing|Mood=Ind|Tense=Pres|Voice=Act|Person=3
quia,qvia,CONsub,MORPH=empty
nos,nos,PROper,Case=Acc|Numb=Plur
ad,ad,PRE,MORPH=empty
futurae,fvtvrvs,ADJqua,Case=Gen|Numb=Sing
ciuitatis,civitas,NOM3,Case=Gen|Numb=Sing
congregationem,congregatio,NOM3,Case=Acc|Numb=Sing
dei,devs,NOM2,Case=Gen|Numb=Sing
misericordia,misericordia,NOM1,Case=Abl|Numb=Sing
per,per,PRE,MORPH=empty
gratiam,gratia,NOM1,Case=Acc|Numb=Sing
iustificationis,ivstificatio,NOM3,Case=Gen|Numb=Sing
sedificet,sedifico,VER,Numb=Sing|Mood=Sub|Tense=Pres|Voice=Act|Person=3
ceterum,cetervm,ADV,Deg=Pos
si,si,CONsub,MORPH=empty
de,de,PRE,MORPH=empty
terrena,terrena,ADJqua,Case=Abl|Numb=Sing
sedificatione,sedificatio,NOM3,Case=Abl|Numb=Sing
loqueretur,loqvor,VER,Numb=Sing|Mood=Sub|Tense=Impa|Voice=Dep|Person=3
prior,prior,ADJord,Case=Nom|Numb=Sing|Deg=Comp
fuerat,svm,VER,Numb=Sing|Mood=Ind|Tense=Pqp|Voice=Act|Person=3
congregatio,congregatio,NOM3,Case=Nom|Numb=Sing
praedicanda,praedico,VER,Case=Nom|Numb=Sing|Mood=Adj|Voice=Pass
quia,qvia,CONsub,MORPH=empty
non,non,ADVneg,MORPH=empty
nisi,nisi,CONsub,MORPH=empty
congregatus,congrego,VER,Numb=Sing|Mood=Sub|Tense=Perf|Voice=Pass
Israhel,israhel,NOM7,Case=Acc|Numb=Sing
Hierusalem,hiervsal,NOM3,Case=Acc|Numb=Sing
sedificare,sedifico,VER,Mood=Inf|Tense=Pres|Voice=Act
posset,possvm,VER,Numb=Sing|Mood=Sub|Tense=Impa|Voice=Act|Person=3
euersam,everto,VER,Case=Acc|Numb=Sing|Mood=Inf|Tense=Perf|Voice=Pass
.,pes,ADJcar,Case=Acc|Numb=Plur
Tenet,tenet,VER,Numb=Sing|Person=3
deinde,deinde,ADV,Deg=Pos
ordinem,ordo,NOM3,Case=Acc|Numb=Sing
conpetentem,competo,VER,Case=Acc|Numb=Sing|Mood=Par|Tense=Pres|Voice=Act
dicens,dico,VER,Case=Nom|Numb=Sing|Mood=Par|Tense=Pres|Voice=Act
qui,qvi,PROrel,Case=Nom|Numb=Sing
sanat,sano,VER,Numb=Sing|Mood=Ind|Tense=Pres|Voice=Act|Person=3
a,ab,PRE,MORPH=empty
I,vnvs,ADJcar,Case=Abl|Numb=Sing
contritos,contritvs,VER,Case=Acc|Numb=Plur|Mood=Par|Tense=Perf|Voice=Pass
corde,cor,NOM3,Case=Abl|Numb=Sing
et,et,CONcoo,MORPH=empty
alligat,alligo,VER,Numb=Sing|Mood=Ind|Tense=Pres|Voice=Act|Person=3
contritiones,contritio,NOM3,Case=Acc|Numb=Plur
eorum,is,PROdem,Case=Gen|Numb=Plur
.,qvintvs,ADJcar,Case=Acc|Numb=Plur
congregato,congrego,VER,Case=Abl|Numb=Sing|Mood=Par|Tense=Fut|Voice=Pass
enim,enim,CONcoo,MORPH=empty
Israhel,israhel,NOM3,Case=Nom|Numb=Sing
et,et,CONcoo,MORPH=empty
in,in,PRE,MORPH=empty
unam,vnvs,ADJcar,Case=Acc|Numb=Sing
quae,qvi,PROrel,Case=Nom|Numb=Sing
sedificatur,sedifico,VER,Numb=Sing|Mood=Ind|Tense=Pres|Voice=Pass|Person=3
ciuitatem,civitas,NOM3,Case=Acc|Numb=Sing
collecto,colligo,VER,Case=Abl|Numb=Sing|Mood=Par|Tense=Perf|Voice=Pass
omnes,omnis,PROind,Case=Nom|Numb=Plur
humanae,hvmanvs,ADJqua,Case=Nom|Numb=Plur|Deg=Pos
infirmitates,infirmitas,NOM3,Case=Nom|Numb=Plur
et,et,CONcoo,MORPH=empty
labes,labes,NOM3,Case=Nom|Numb=Plur
corporeae,corporevs,ADJqua,Case=Nom|Numb=Plur|Deg=Pos
auferentur,avfero,VER,Numb=Plur|Mood=Ind|Tense=Fut|Voice=Pass|Person=3
.,qvadrantal,ADJcar,Case=Acc|Numb=Plur
absorpta,absorpeo,VER,Case=Abl|Numb=Sing|Mood=Ind|Tense=Perf|Voice=Pass
enim,enim,CONcoo,MORPH=empty
corruptione,corrvptio,NOM3,Case=Abl|Numb=Sing
et,et,CONcoo,MORPH=empty
omnibus,omnis,PROind,Case=Abl|Numb=Plur
humanae,hvmanvs,ADJqua,Case=Gen|Numb=Sing|Deg=Pos
naturae,natvra,NOM1,Case=Gen|Numb=Sing
uitiis,vitivm,NOM2,Case=Abl|Numb=Plur
deuoratis,devoro,VER,Case=Abl|Numb=Plur|Mood=Par|Tense=Perf|Voice=Pass
incorruptio,incorrvptio,NOM3,Case=Nom|Numb=Sing
aeterna,aeternvs,ADJqua,Case=Nom|Numb=Sing|Deg=Pos
et,et,CONcoo,MORPH=empty
in,in,PRE,MORPH=empty
nullis,nvllvs,PROind,Case=Abl|Numb=Plur
anxietatum,anxietas,NOM3,Case=Gen|Numb=Plur
mortibus,mors,NOM3,Case=Abl|Numb=Plur
conterenda,contero,VER,Case=Nom|Numb=Sing|Mood=Adj|Voice=Pass
succedet,svccedo,VER,Numb=Sing|Mood=Ind|Tense=Fut|Voice=Act|Person=3
.,qvintvs,ADJcar,Case=Acc|Numb=Sing
uenit,venio,VER,Numb=Sing|Mood=Ind|Tense=Pres|Voice=Act|Person=3
enim,enim,CONcoo,MORPH=empty
dominus,dominvs,NOM2,Case=Nom|Numb=Sing
secundum,secvndvm,PRE,Deg=Pos
euangelia,evangelivm,NOM2,Case=Acc|Numb=Plur
sanare,sano,VER,Mood=Inf|Tense=Pres|Voice=Act
contritos,contero,VER,Case=Acc|Numb=Plur|Mood=Par|Tense=Perf|Voice=Pass
corde,cor,NOM3,Case=Abl|Numb=Sing
praedicare,praedico,VER,Mood=Inf|Tense=Pres|Voice=Act
captiuis,captivvs,NOM2,Case=Dat|Numb=Plur
remissionem,remissio,NOM3,Case=Acc|Numb=Sing
et,et,CONcoo,MORPH=empty
caecis,caecvs,ADJqua,Case=Dat|Numb=Plur|Deg=Pos
uisum,video,VER,Case=Acc|Numb=Sing|Tense=Perf
dimittere,dimitto,VER,Mood=Inf|Tense=Pres|Voice=Act
confractos,confringo,VER,Case=Acc|Numb=Plur|Mood=Par|Tense=Perf|Voice=Pass
in,in,PRE,MORPH=empty
requiem,reqvies,NOM5,Case=Acc|Numb=Sing
praedicare,praedico,VER,Mood=Inf|Tense=Pres|Voice=Act
annum,annvs,NOM2,Case=Acc|Numb=Sing
domini,dominvs,NOM2,Case=Gen|Numb=Sing
acceptum,acceptvm,ADJqua,Case=Acc|Numb=Sing
et,et,CONcoo,MORPH=empty
diem,dies,NOM5,Case=Acc|Numb=Sing
retributionis,retribvtio,NOM3,Case=Gen|Numb=Sing
.,vnvs,ADJcar,Case=Gen|Numb=Sing
et,et,CONcoo,MORPH=empty
hsec,hic,PROdem,Case=Nom|Numb=Sing
quidem,qvidem,ADV,Deg=Pos
pro,pro,PRE,MORPH=empty
parte,pars,NOM3,Case=Abl|Numb=Sing
iam,iam,ADV,Deg=Pos
coepta,coepio,VER,Case=Nom|Numb=Plur|Tense=Perf|Voice=Pass
sunt,svm,VER,Numb=Plur|Mood=Ind|Tense=Pres|Voice=Act|Person=3
quia,qvia,CONsub,MORPH=empty
per,per,PRE,MORPH=empty
speculum,specvlvm,NOM2,Case=Acc|Numb=Sing
et,et,CONcoo,MORPH=empty
in,in,PRE,MORPH=empty
senigmate,senigmate,NOM3,Case=Abl|Numb=Sing|Deg=Pos
et,et,CONcoo,MORPH=empty
in,in,PRE,MORPH=empty
imagine,imago,NOM3,Case=Abl|Numb=Sing
futurorum,fvtvrvs,NOM2,Case=Gen|Numb=Plur
secundum,secvndvs,PRE,Case=Acc|Numb=Sing|Deg=Pos
apostolum,apostolvs,NOM2,Case=Acc|Numb=Sing
demoramur,demoror,VER,Numb=Plur|Mood=Ind|Tense=Pres|Voice=Dep|Person=1
.,qvadrantal,ADJcar,Case=Acc|Numb=Plur
sed,sed,CONcoo,MORPH=empty
tamen,tamen,ADV,Deg=Pos
nondum,nondvm,ADVneg,MORPH=empty
nobis,nos,PROper,Case=Dat|Numb=Plur
eius,is,PROdem,Case=Gen|Numb=Sing
temporis,tempvs,NOM3,Case=Gen|Numb=Sing
fructus,frvctvs,NOM4,Case=Nom|Numb=Sing
est,svm,VER,Numb=Sing|Mood=Ind|Tense=Pres|Voice=Act|Person=3
quo,qvi,PROrel,Case=Abl|Numb=Sing
secundum,secvndvm,PRE,MORPH=empty
prophetam,propheta,NOM1,Case=Acc|Numb=Sing
dicere,dico,VER,Mood=Inf|Tense=Pres|Voice=Act
adepta,adipiscor,VER,Case=Abl|Numb=Sing|Mood=Par|Tense=Perf|Voice=Dep
spei,spes,NOM5,Case=Gen|Numb=Sing
consummatione,consvmmatio,NOM3,Case=Abl|Numb=Sing
possimus,possvm,VER,Numb=Plur|Mood=Sub|Tense=Pres|Voice=Act|Person=1
conuertere,converto,VER,Mood=Inf|Tense=Pres|Voice=Act
anima,anima,NOM1,Case=Abl|Numb=Sing
mea,mevs,PROpos,Case=Nom|Numb=Sing
in,in,PRE,MORPH=empty
requiem,reqvies,NOM5,Case=Acc|Numb=Sing
tuam,tvvs,PROpos,Case=Acc|Numb=Sing
quia,qvia,CONsub,MORPH=empty
dominus,dominvs,NOM2,Case=Nom|Numb=Sing
bene,bene,ADV,Deg=Pos
fecit,facio,VER,Numb=Sing|Mood=Ind|Tense=Perf|Voice=Act|Person=3
mihi,ego,PROper,Case=Dat|Numb=Sing
.,vnvs,ADJcar,Case=Acc|Numb=Plur
quia,qvia,CONsub,MORPH=empty
eripuit,eripio,VER,Numb=Sing|Mood=Ind|Tense=Perf|Voice=Act|Person=3
animam,anima,NOM1,Case=Acc|Numb=Sing
meam,mevs,PROpos,Case=Acc|Numb=Sing
de,de,PRE,MORPH=empty
morte,mors,NOM3,Case=Abl|Numb=Sing
oculos,ocvlvs,NOM2,Case=Acc|Numb=Plur
meos,mevs,PROpos,Case=Acc|Numb=Plur
a,ab,PRE,MORPH=empty
lacrimis,lacrima,NOM1,Case=Abl|Numb=Plur
pedes,pes,NOM3,Case=Acc|Numb=Plur
meos,mevs,PROpos,Case=Acc|Numb=Plur
a,ab,PRE,MORPH=empty
lapsu,lapsvs,NOM4,Case=Abl|Numb=Sing
.,qvintvs,ADJcar,Case=Gen|Numb=Plur
placebo,placeo,VER,Numb=Sing|Mood=Ind|Tense=Fut|Voice=Act|Person=1
domino,dominvs,NOM2,Case=Dat|Numb=Sing
in,in,PRE,MORPH=empty
regione,regio,NOM3,Case=Abl|Numb=Sing
uiuorum,vivvs,NOM2,Case=Gen|Numb=Plur
.,qvadrantal,ADJcar,Case=Acc|Numb=Plur
sanata,sano,VER,Numb=Sing|Mood=Par|Tense=Perf|Voice=Pass|Person=3
enim,enim,CONcoo,MORPH=empty
omni,omnis,PROind,Case=Abl|Numb=Sing
cordis,cor,NOM3,Case=Gen|Numb=Sing
contritione,contritio,NOM3,Case=Abl|Numb=Sing
et,et,CONcoo,MORPH=empty
ne,ne,CONsub,MORPH=empty
perpetuo,perpetvo,ADV,Deg=Pos
rursum,rvrsvs,ADV,Deg=Pos
subeat,svbeo,VER,Numb=Sing|Mood=Sub|Tense=Pres|Voice=Act|Person=3
alligata,alligo,VER,Case=Nom|Numb=Sing|Mood=Par|Tense=Perf|Voice=Pass
his,hic,PROdem,Case=Dat|Numb=Plur
omnibus,omnis,PROind,Case=Dat|Numb=Plur
humanarum,hvmanvs,ADJqua,Case=Gen|Numb=Plur|Deg=Pos
passionum,passio,NOM3,Case=Gen|Numb=Plur
infirmitatibus,infirmitas,NOM3,Case=Abl|Numb=Plur
liberati,libero,VER,Case=Nom|Numb=Plur|Mood=Par|Tense=Perf|Voice=Pass
placebimus,placeo,VER,Numb=Plur|Mood=Ind|Tense=Fut|Voice=Act|Person=1
deo,devs,NOM2,Case=Dat|Numb=Sing
in,in,PRE,MORPH=empty
regione,regio,NOM3,Case=Abl|Numb=Sing
uiuorum,vivvs,NOM2,Case=Gen|Numb=Plur
anima,anima,NOM1,Case=Abl|Numb=Sing
nostra,noster,PROpos,Case=Nom|Numb=Sing
in,in,PRE,MORPH=empty
requiem,reqvies,NOM5,Case=Acc|Numb=Sing
suam,svvs,PROpos.ref,Case=Acc|Numb=Sing
ex,ex,PRE,MORPH=empty
qua,qvi,PROrel,Case=Abl|Numb=Sing
per,per,PRE,MORPH=empty
transgressionem,transgressio,NOM3,Case=Acc|Numb=Sing
primi,primvs,ADJord,Case=Gen|Numb=Sing|Deg=Sup
parentis,parens,NOM3,Case=Gen|Numb=Sing
sui,svvs,PROpos.ref,Case=Gen|Numb=Sing
Adse,asses,NOM3,Case=Abl|Numb=Sing
eiecta,eicio,VER,Case=Nom|Numb=Sing|Mood=Par|Tense=Perf|Voice=Pass
est,svm,VER,Numb=Sing|Mood=Ind|Tense=Pres|Voice=Act|Person=3
reuertente,revertor,VER,Case=Abl|Numb=Sing|Mood=Par|Tense=Pres|Voice=Act
.,qvintvs,ADJcar,Case=Abl|Numb=Plur
Sed,sedes,NOM2,Case=Nom|Numb=Sing
post,post,PRE,MORPH=empty
prsedicationem,prisedicatio,NOM3,Case=Acc|Numb=Sing
sanati,sano,VER,Case=Gen|Numb=Sing|Mood=Par|Tense=Perf|Voice=Pass
cordis,cor,NOM3,Case=Gen|Numb=Sing
etiam,etiam,ADV,Deg=Pos
id,is,PROdem,Case=Nom|Numb=Sing
ad,ad,PRE,MORPH=empty
prseconium,priseconivm,NOM2,Case=Acc|Numb=Sing
diuinae,divinvs,ADJqua,Case=Gen|Numb=Sing|Deg=Pos
bonitatis,bonitas,NOM3,Case=Gen|Numb=Sing
adiectum,adiectvs,ADJqua,Case=Nom|Numb=Sing
est,svm,VER,Numb=Sing|Mood=Ind|Tense=Pres|Voice=Act|Person=3
numerans,nvmero,VER,Case=Nom|Numb=Sing|Mood=Par|Tense=Pres|Voice=Act
multitudinem,mvltitvdo,NOM3,Case=Acc|Numb=Sing
stellarum,stella,NOM1,Case=Gen|Numb=Plur
et,et,CONcoo,MORPH=empty
omnibus,omnis,PROind,Case=Dat|Numb=Plur
his,hic,PROdem,Case=Dat|Numb=Plur
nomina,nomen,NOM3,Case=Acc|Numb=Plur
uocans,voco,VER,Case=Nom|Numb=Sing|Mood=Par|Tense=Pres|Voice=Act
.,qvintvs,ADJcar,Case=Acc|Numb=Plur
si,si,CONsub,MORPH=empty
laus,lavs,NOM3,Case=Nom|Numb=Sing
deo,devs,NOM2,Case=Dat|Numb=Sing
ob,ob,PRE,MORPH=empty
sedificatam,sedifico,VER,Case=Acc|Numb=Sing|Mood=Par|Voice=Pass
corporaliter,corporaliter,ADV,Deg=Pos
Hierusalem,hiervsalis,NOM3,Case=Acc|Numb=Sing
defertur,defero,VER,Numb=Sing|Mood=Ind|Tense=Pres|Voice=Pass|Person=3
quid,qvis,PROint,Case=Acc|Numb=Sing
hic,hic,PROdem,Case=Nom|Numb=Sing
numerus,nvmervs,NOM2,Case=Nom|Numb=Sing
stellarum,stella,NOM1,Case=Gen|Numb=Plur
et,et,CONcoo,MORPH=empty
nomina,nomen,NOM3,Case=Nom|Numb=Plur
tamquam,tamqvam,ADVrel,MORPH=empty
ad,ad,PRE,MORPH=empty
praecipuam,praecipvvs,ADJqua,Case=Acc|Numb=Sing|Deg=Pos
diuini,divinvs,ADJqua,Case=Gen|Numb=Sing|Deg=Pos
operis,opvs,NOM3,Case=Gen|Numb=Sing
laudationem,lavdatio,NOM3,Case=Acc|Numb=Sing
prseferuntur,prsefero,VER,Numb=Plur|Mood=Ind|Tense=Pres|Voice=Pass|Person=3
aut,avt,CONcoo,MORPH=empty
numquid,nvmqvid,ADVint,Case=Nom
laudabilius,lavdabilis,ADJqua,Case=Nom|Numb=Sing|Deg=Comp
deo,devs,NOM2,Case=Dat|Numb=Sing
est,svm,VER,Numb=Sing|Mood=Ind|Tense=Pres|Voice=Act|Person=3
numerasse,nvmero,VER,Mood=Inf|Tense=Perf|Voice=Act
et,et,CONcoo,MORPH=empty
nuncupasse,nvncvpo,VER,Mood=Inf|Tense=Perf|Voice=Act
stellas,stella,NOM1,Case=Acc|Numb=Plur
quam,qvam,ADVrel,Case=Acc
creasse,creo,VER,Mood=Inf|Tense=Perf|Voice=Act
cum,cvm,CONsub,MORPH=empty
creatio,creatio,NOM3,Case=Nom|Numb=Sing
et,et,CONcoo,MORPH=empty
numerum,nvmervs,NOM2,Case=Acc|Numb=Sing
fecerit,facio,VER,Numb=Sing|Mood=Sub|Tense=Perf|Voice=Act|Person=3
et,et,CONcoo,MORPH=empty
nomina,nomen,NOM3,Case=Acc|Numb=Plur
inposuerit,impono,VER,Numb=Sing|Mood=Sub|Tense=Fut|Voice=Act|Person=3
et,et,CONcoo,MORPH=empty
uocabulis,vocabvlvm,NOM2,Case=Dat|Numb=Plur
nomina,nomen,NOM3,Case=Acc|Numb=Plur
numerum,nvmervs,NOM2,Case=Acc|Numb=Sing
-que,qvove,CONcoo,MORPH=empty
discreuerit,discerno,VER,Numb=Sing|Mood=Sub|Tense=Fut|Voice=Act|Person=3
sed,sed,CONcoo,MORPH=empty
numerantur,nvmero,VER,Numb=Plur|Mood=Ind|Tense=Pres|Voice=Pass|Person=3
hic,hic,PROdem,Case=Nom|Numb=Sing
stellae,stella,NOM1,Case=Nom|Numb=Plur
quas,qvi,PROrel,Case=Acc|Numb=Plur
Abraham,abra,NOM1,Case=Acc|Numb=Sing
contuitus,contvitvs,VER,Case=Nom|Numb=Sing|Mood=Par|Tense=Perf
in,in,PRE,MORPH=empty
caelo,caelvm,NOM2,Case=Abl|Numb=Sing
est,svm,VER,Numb=Sing|Mood=Ind|Tense=Pres|Voice=Act|Person=3
quas,qvi,PROrel,Case=Acc|Numb=Plur
Isaac,isaac,NOM7,Case=Nom|Numb=Sing
accepit,accipio,VER,Numb=Sing|Mood=Ind|Tense=Perf|Voice=Act|Person=3
in,in,PRE,MORPH=empty
semine,semen,NOM3,Case=Abl|Numb=Sing
quas,qvi,PROrel,Case=Acc|Numb=Plur
Paulus,pavlvs,NOM2,Case=Nom|Numb=Sing
discernit,discerno,VER,Numb=Sing|Mood=Ind|Tense=Pres|Voice=Act|Person=3
in,in,PRE,MORPH=empty
gloria,gloria,NOM1,Case=Abl|Numb=Sing
.,qvintvs,ADJcar,Case=Acc|Numb=Plur
quod,qvi,PROrel,Case=Acc
autem,avtem,CONcoo,MORPH=empty
nominibus,nomen,NOM3,Case=Abl|Numb=Plur
suis,svvs,PROpos.ref,Case=Abl|Numb=Plur
uocentur,voco,VER,Numb=Plur|Mood=Sub|Tense=Pres|Voice=Pass|Person=3
audiamus,avdio,VER,Numb=Plur|Mood=Sub|Tense=Pres|Voice=Act|Person=1
eum,is,PROdem,Case=Acc|Numb=Sing
qui,qvi,PROrel,Case=Nom|Numb=Sing
uocaturus,voco,VER,Case=Nom|Numb=Sing|Mood=Par|Tense=Fut|Voice=Act
est,svm,VER,Numb=Sing|Mood=Ind|Tense=Pres|Voice=Act|Person=3
.,vnvs,ADJcar,Case=Acc|Numb=Sing
dicit,dico,VER,Numb=Sing|Mood=Ind|Tense=Pres|Voice=Act|Person=3
in,in,PRE,MORPH=empty
euangelio,evangelivm,NOM2,Case=Abl|Numb=Sing
nolite,nolo,VER,Numb=Plur|Mood=Imp|Tense=Pres|Voice=Act|Person=2
mirari,miror,VER,Mood=Inf|Tense=Pres|Voice=Dep
ista,iste,PROdem,Case=Nom|Numb=Plur
;,o,PRE,MORPH=empty
quia,qvia,CONsub,MORPH=empty
uenit,venio,VER,Numb=Sing|Mood=Ind|Tense=Pres|Voice=Act|Person=3
hora,hora,NOM1,Case=Nom|Numb=Sing
in,in,PRE,MORPH=empty
qua,qvi,PROrel,Case=Abl|Numb=Sing
omnes,omnis,PROind,Case=Nom|Numb=Plur
qui,qvi,PROrel,Case=Nom|Numb=Plur
sunt,svm,VER,Numb=Plur|Mood=Ind|Tense=Pres|Voice=Act|Person=3
in,in,PRE,MORPH=empty
monumentis,monvmentvm,NOM2,Case=Abl|Numb=Plur
audient,avdio,VER,Numb=Plur|Mood=Ind|Tense=Fut|Voice=Act|Person=3
uocem,vox,NOM3,Case=Acc|Numb=Sing
eius,is,PROdem,Case=Gen|Numb=Sing
et,et,CONcoo,MORPH=empty
prodient,prodeo,VER,Numb=Plur|Mood=Ind|Tense=Fut|Voice=Act|Person=3
.,qvintvs,ADJcar,Case=Acc|Numb=Plur
uocantur,voco,VER,Numb=Plur|Mood=Ind|Tense=Pres|Voice=Pass|Person=3
ergo,ergo,CONcoo,MORPH=empty
et,et,CONcoo,MORPH=empty
prodient,prodeo,VER,Numb=Plur|Mood=Ind|Tense=Fut|Voice=Act|Person=3
.,vnvs,ADJcar,Case=Acc|Numb=Plur
adeo,adeo,ADV,Deg=Pos
autem,avtem,CONcoo,MORPH=empty
enumerantur,envmero,VER,Numb=Plur|Mood=Ind|Tense=Pres|Voice=Pass|Person=3
per,per,PRE,MORPH=empty
deum,devs,NOM2,Case=Acc|Numb=Plur
ut,vt,ADVrel,MORPH=empty
capilli,capillvs,NOM2,Case=Nom|Numb=Plur
quoque,qvoqve,ADV,Deg=Pos
qui,qvi,PROrel,Case=Nom|Numb=Plur
in,in,PRE,MORPH=empty
singulis,singvlvs,ADJdis,Case=Abl|Numb=Plur
nobis,nos,PROper,Case=Abl|Numb=Plur
innumerabiles,innvmerabilis,ADJqua,Case=Nom|Numb=Plur|Deg=Pos
esse,svm,VER,Mood=Inf|Tense=Pres|Voice=Act
existimantur,existimo,VER,Numb=Plur|Mood=Ind|Tense=Pres|Voice=Pass|Person=3
in,in,PRE,MORPH=empty
numero,nvmervs,NOM2,Case=Abl|Numb=Sing
sint,svm,VER,Numb=Plur|Mood=Sub|Tense=Pres|Voice=Act|Person=3
eodem,idem,PROdem,Case=Abl|Numb=Sing
domino,dominvs,NOM2,Case=Abl|Numb=Sing
dicente,dico,VER,Case=Abl|Numb=Sing|Mood=Par|Tense=Pres|Voice=Act
nonne,nonne,ADVint.neg,MORPH=empty
et,et,CONcoo,MORPH=empty
capilli,capillvs,NOM2,Case=Nom|Numb=Plur
capitis,capvt,NOM3,Case=Gen|Numb=Sing
uestri,vester,PROpos,Case=Gen|Numb=Sing
numerati,nvmeratvs,ADJqua,Case=Nom|Numb=Plur
sunt,svm,VER,Numb=Plur|Mood=Ind|Tense=Pres|Voice=Act|Person=3
hoc,hic,PROdem,Case=Abl|Numb=Sing
domino,dominvs,NOM2,Case=Dat|Numb=Sing
potius,potivs,ADV,Deg=Comp
dignum,dignvs,ADJqua,Case=Acc|Numb=Sing|Deg=Pos
hoc,hic,PROdem,Case=Nom|Numb=Sing
in,in,PRE,MORPH=empty
misericordia,misericordia,NOM1,Case=Abl|Numb=Sing
eius,is,PROdem,Case=Gen|Numb=Sing
prseferendum,prisefero,VER,Case=Acc|Numb=Sing|Mood=Adj|Voice=Pass
ut,vt,CONsub,MORPH=empty
eos,is,PROdem,Case=Acc|Numb=Plur
quos,qvi,PROrel,Case=Acc|Numb=Plur
contritos,contritvs,VER,Case=Acc|Numb=Plur|Mood=Par|Tense=Perf|Voice=Pass
corde,cor,NOM3,Case=Abl|Numb=Sing
sanauerit,sano,VER,Numb=Sing|Mood=Sub|Tense=Perf|Voice=Act|Person=3
quorum,qvi,PROrel,Case=Gen|Numb=Plur
alligauerit,alligo,VER,Numb=Sing|Mood=Sub|Tense=Perf|Voice=Act|Person=3
contritiones,contritio,NOM3,Case=Acc|Numb=Plur
nominibus,nomen,NOM3,Case=Abl|Numb=Plur
uocet,voco,VER,Numb=Sing|Mood=Sub|Tense=Pres|Voice=Act|Person=3
proprietate,proprietas,NOM3,Case=Abl|Numb=Sing
numeret,nvmero,VER,Numb=Sing|Mood=Sub|Tense=Pres|Voice=Act|Person=3
cselesti,cselestis,ADJqua,Case=Abl|Numb=Sing|Deg=Pos
luce,lvx,NOM3,Case=Abl|Numb=Sing
clarificet,clarifico,VER,Numb=Sing|Mood=Sub|Tense=Pres|Voice=Act|Person=3
.,qvadrantal,ADJcar,Case=Acc|Numb=Plur
Ob,ob,NOM3,MORPH=empty
quae,qvi,PROrel,Case=Acc|Numb=Plur
mirabilia,mirabilis,ADJqua,Case=Acc|Numb=Plur|Deg=Pos
eius,is,PROdem,Case=Gen|Numb=Sing
praedicauit,praedico,VER,Numb=Sing|Mood=Ind|Tense=Perf|Voice=Act|Person=3
magnus,magnvs,ADJqua,Case=Nom|Numb=Sing|Deg=Pos
dominus,dominvs,NOM2,Case=Nom|Numb=Sing
noster,noster,PROpos,Case=Nom|Numb=Sing
et,et,CONcoo,MORPH=empty
magna,magnvs,ADJqua,Case=Nom|Numb=Sing|Deg=Pos
uirtus,virtvs,NOM3,Case=Nom|Numb=Sing
eius,is,PROdem,Case=Gen|Numb=Sing
et,et,CONcoo,MORPH=empty
sapientiae,sapientia,NOM1,Case=Dat|Numb=Sing
eius,is,PROdem,Case=Gen|Numb=Sing
non,non,ADVneg,MORPH=empty
est,svm,VER,Numb=Sing|Mood=Ind|Tense=Pres|Voice=Act|Person=3
numerus,nvmervs,NOM2,Case=Nom|Numb=Sing
.,vnvs,ADJcar,Case=Gen|Numb=Sing
suscipit,svscipio,VER,Numb=Sing|Mood=Ind|Tense=Pres|Voice=Act|Person=3
enim,enim,CONcoo,MORPH=empty
mansuetos,mansvetvs,ADJqua,Case=Acc|Numb=Plur|Deg=Pos
dominus,dominvs,NOM2,Case=Nom|Numb=Sing
humiliat,hvmilio,VER,Numb=Sing|Mood=Ind|Tense=Pres|Voice=Act|Person=3
autem,avtem,CONcoo,MORPH=empty
peccatores,peccator,NOM3,Case=Acc|Numb=Plur
usque,vsqve,ADV,Deg=Pos
ad,ad,PRE,MORPH=empty
terram,terra,NOM1,Case=Acc|Numb=Sing
.,qvintvs,ADJcar,Case=Acc|Numb=Plur
hoc,hic,PROdem,Case=Nom|Numb=Sing
enim,enim,CONcoo,MORPH=empty
mansuetorum,mansvetvs,ADJqua,Case=Gen|Numb=Plur|Deg=Pos
proprium,proprivs,ADJqua,Case=Nom|Numb=Sing|Deg=Pos
est,svm,VER,Numb=Sing|Mood=Ind|Tense=Pres|Voice=Act|Person=3
quia,qvia,CONsub,MORPH=empty
secundum,secvndvm,PRE,Deg=Pos
euangelia,evangelivm,NOM2,Case=Nom|Numb=Plur
mansueti,mansvetvs,ADJqua,Case=Nom|Numb=Plur|Deg=Pos
possidebunt,possideo,VER,Numb=Plur|Mood=Ind|Tense=Fut|Voice=Act|Person=3
terram,terra,NOM1,Case=Acc|Numb=Sing
ut,vt,CONsub,MORPH=empty
digni,dignvs,ADJqua,Case=Nom|Numb=Plur|Deg=Pos
apud,apvd,PRE,MORPH=empty
deum,devs,NOM2,Case=Gen|Numb=Plur
sint,svm,VER,Numb=Plur|Mood=Sub|Tense=Pres|Voice=Act|Person=3
nuncupatione,nvncvpatio,NOM3,Case=Abl|Numb=Sing
numero,nvmervs,NOM2,Case=Abl|Numb=Sing
claritate,claritas,NOM3,Case=Abl|Numb=Sing
.,pes,ADJcar,Case=Gen|Numb=Plur
magnus,magnvs,ADJqua,Case=Nom|Numb=Sing|Deg=Pos
est,svm,VER,Numb=Sing|Mood=Ind|Tense=Pres|Voice=Act|Person=3
dominus,dominvs,NOM2,Case=Nom|Numb=Sing
cum,cvm,CONsub,MORPH=empty
disparsiones,disparsio,NOM3,Case=Acc|Numb=Plur
congregat,congrego,VER,Numb=Sing|Mood=Ind|Tense=Pres|Voice=Act|Person=3
.,pes,ADJcar,Case=Acc|Numb=Plur
magna,magnvs,ADJqua,Case=Nom|Numb=Sing|Deg=Pos
uirtus,virtvs,NOM3,Case=Nom|Numb=Sing
eius,is,PROdem,Case=Gen|Numb=Sing
cum,cvm,CONsub,MORPH=empty
contrita,contero,VER,Case=Nom|Numb=Sing|Mood=Par|Tense=Perf|Voice=Pass
clarificat,clarifico,VER,Numb=Sing|Mood=Ind|Tense=Pres|Voice=Act|Person=3
.,qvintvs,ADJcar,Case=Acc|Numb=Plur
innumerabilis,innvmerabilis,ADJqua,Case=Nom|Numb=Sing|Deg=Pos
sapientia,sapientia,NOM1,Case=Nom|Numb=Sing
eius,is,PROdem,Case=Gen|Numb=Sing
est,svm,VER,Numb=Sing|Mood=Ind|Tense=Pres|Voice=Act|Person=3
cum,cvm,PRE,MORPH=empty
uniuersa,vniversvs,ADJqua,Case=Nom|Numb=Sing|Deg=Pos
et,et,CONcoo,MORPH=empty
nominibus,nomen,NOM3,Case=Abl|Numb=Plur
discernit,discerno,VER,Numb=Sing|Mood=Ind|Tense=Pres|Voice=Act|Person=3
et,et,CONcoo,MORPH=empty
numero,nvmervs,NOM2,Case=Abl|Numb=Sing
.,qvintvs,ADJcar,Case=Gen|Numb=Plur
sed,sed,CONcoo,MORPH=empty
qui,qvi,PROrel,Case=Nom|Numb=Sing
suscipit,svscipio,VER,Numb=Sing|Mood=Ind|Tense=Pres|Voice=Act|Person=3
mansuetos,mansvetvs,ADJqua,Case=Acc|Numb=Plur|Deg=Pos
humiliat,hvmilio,VER,Numb=Sing|Mood=Ind|Tense=Pres|Voice=Act|Person=3
autem,avtem,CONcoo,MORPH=empty
peccatores,peccator,NOM3,Case=Acc|Numb=Plur
usque,vsqve,ADV,Deg=Pos
ad,ad,PRE,MORPH=empty
terram,terra,NOM1,Case=Acc|Numb=Sing
.,qvintvs,ADJcar,Case=Acc|Numb=Plur
post,post,PRE,MORPH=empty
meritum,meritvs,NOM2,Case=Acc|Numb=Sing
sanctitatis,sanctitas,NOM3,Case=Gen|Numb=Sing
impietatis,impietas,NOM3,Case=Gen|Numb=Sing
poena,poena,NOM1,Case=Nom|Numb=Sing
subiecta,svbicio,ADJqua,Case=Nom|Numb=Sing|Deg=Pos
est,svm,VER,Numb=Sing|Mood=Ind|Tense=Pres|Voice=Act|Person=3
cum,cvm,CONsub,MORPH=empty
susceptis,svscipio,VER,Case=Abl|Numb=Plur|Mood=Par|Tense=Perf|Voice=Pass
mansuetis,mansvetvs,ADJqua,Case=Abl|Numb=Plur|Deg=Pos
in,in,PRE,MORPH=empty
claritate,claritas,NOM3,Case=Abl|Numb=Sing
stellarum,stella,NOM1,Case=Gen|Numb=Plur
peccatores,peccator,NOM3,Case=Nom|Numb=Plur
usque,vsqve,ADV,Deg=Pos
ad,ad,PRE,MORPH=empty
terram,terra,NOM1,Case=Acc|Numb=Sing
humiliati,hvmiliatvs,ADJqua,Case=Nom|Numb=Plur|Deg=Pos
infernse,inferne,ADJqua,Case=Nom|Numb=Sing|Deg=Pos
legis,lex,NOM3,Case=Gen|Numb=Sing
iudicio,ivdicivm,NOM2,Case=Abl|Numb=Sing
destinantur,destino,VER,Numb=Plur|Mood=Ind|Tense=Pres|Voice=Pass|Person=3
.,qvintvs,ADJcar,Case=Acc|Numb=Plur
Ob,ob,NOM3,MORPH=empty
quse,qvie,ADVrel,MORPH=empty
nos,nos,PROper,Case=Acc|Numb=Plur
tamquam,tamqvam,ADVrel,MORPH=empty
cunctantes,cvnctor,VER,Case=Nom|Numb=Plur|Mood=Par|Tense=Pres|Voice=Dep
et,et,CONcoo,MORPH=empty
hsesitantes,hesito,VER,Case=Nom|Numb=Plur|Mood=Par|Tense=Pres|Voice=Act
propheta,propheta,NOM2,Case=Nom|Numb=Plur
cohortatur,cohortor,VER,Numb=Sing|Mood=Ind|Tense=Pres|Voice=Dep|Person=3
ad,ad,PRE,MORPH=empty
laudem,lavs,NOM3,Case=Acc|Numb=Sing
dicens,dico,VER,Case=Nom|Numb=Sing|Mood=Par|Tense=Pres|Voice=Act
inchoate,inchoo,VER,Case=Voc|Numb=Plur|Mood=Imp|Tense=Pres|Voice=Act|Person=2
domino,dominvs,NOM2,Case=Abl|Numb=Sing
in,in,PRE,MORPH=empty
confessione,confessio,NOM3,Case=Abl|Numb=Sing
psallite,psallis,NOM3,Case=Abl|Numb=Sing|Mood=Imp|Voice=Act
deo,devs,NOM2,Case=Abl|Numb=Sing
nostro,noster,PROpos,Case=Abl|Numb=Sing
in,in,PRE,MORPH=empty
cithara,cithara,NOM1,Case=Abl|Numb=Sing
qui,qvi,PROrel,Case=Nom|Numb=Sing
operit,operio,VER,Numb=Sing|Mood=Ind|Tense=Pres|Voice=Act|Person=3
caelum,caelvm,NOM2,Case=Acc|Numb=Sing
nubibus,nvbes,NOM3,Case=Abl|Numb=Plur
et,et,CONcoo,MORPH=empty
parat,paro,VER,Numb=Sing|Mood=Ind|Tense=Pres|Voice=Act|Person=3
terrse,terrse,ADV,Deg=Pos
pluuiam,plvvia,NOM1,Case=Acc|Numb=Sing
qui,qvi,PROrel,Case=Nom|Numb=Sing
produciti,prodvco,VER,Numb=Plur|Mood=Par|Tense=Perf|Voice=Pass
-ne,one,CONsub,MORPH=empty
montibus,mons,NOM3,Case=Abl|Numb=Plur
fsenum,fenvm,NOM2,Case=Acc|Numb=Sing
dat,do,VER,Numb=Sing|Mood=Ind|Tense=Pres|Voice=Act|Person=3
iumentis,ivmentvm,NOM2,Case=Abl|Numb=Plur
escam,esca,NOM1,Case=Acc|Numb=Sing
ipsorum,ipse,PROdem,Case=Gen|Numb=Plur
et,et,CONcoo,MORPH=empty
pullis,pvllvs,NOM2,Case=Dat|Numb=Plur
coruorum,corvvs,NOM2,Case=Gen|Numb=Plur
inuocantibus,invoco,VER,Case=Abl|Numb=Plur|Mood=Par|Tense=Pres|Voice=Act
eum,is,PROdem,Case=Acc|Numb=Sing
.,pes,ADJcar,Case=Acc|Numb=Sing
frequenter,freqventer,ADV,Deg=Pos
admonet,admoneo,VER,Numb=Sing|Mood=Ind|Tense=Pres|Voice=Act|Person=3
propheticus,propheticvs,ADJqua,Case=Nom|Numb=Sing|Deg=Pos
sermo,sermo,NOM3,Case=Nom|Numb=Sing
ut,vt,CONsub,MORPH=empty
eum,is,PROdem,Case=Acc|Numb=Sing
uniuersitatis,vniversitas,NOM3,Case=Gen|Numb=Sing
huius,hic,PROdem,Case=Gen|Numb=Sing
esse,svm,VER,Mood=Inf|Tense=Pres|Voice=Act
dominum,dominvs,NOM2,Case=Acc|Numb=Sing
credamus,credo,VER,Numb=Plur|Mood=Sub|Tense=Pres|Voice=Act|Person=1
quem,qvi,PROrel,Case=Acc|Numb=Sing
omnis,omnis,PROind,Case=Nom|Numb=Sing
lex,lex,NOM3,Case=Nom|Numb=Sing
deum,devs,NOM2,Case=Gen|Numb=Plur
locuta,loqvor,VER,Case=Nom|Numb=Sing|Mood=Par|Tense=Perf|Voice=Dep
est,svm,VER,Numb=Sing|Mood=Ind|Tense=Pres|Voice=Act|Person=3
qui,qvi,PROrel,Case=Nom|Numb=Sing
se,svi,PROref,Case=Acc|Numb=Sing
nuncupari,nvncvpo,VER,Mood=Inf|Tense=Pres|Voice=Pass
deum,devs,NOM2,Case=Acc|Numb=Sing
Israhel,israhel,NOM2,Case=Acc|Numb=Sing
uoluerit,volo,VER,Numb=Sing|Mood=Sub|Tense=Perf|Voice=Act|Person=3
ut,vt,CONsub,MORPH=empty
nunc,nvnc,ADV,Deg=Pos
in,in,PRE,MORPH=empty
eodem,idem,PROdem,Case=Abl|Numb=Sing
psalmo,psalmvs,NOM2,Case=Abl|Numb=Sing
cum,cvm,CONsub,MORPH=empty
dixisset,dico,VER,Numb=Sing|Mood=Sub|Tense=Pqp|Voice=Act|Person=3
aedificans,aedifico,VER,Case=Nom|Numb=Sing|Mood=Par|Tense=Pres|Voice=Act
Hierusalem,hiervsal,NOM3,Case=Acc|Numb=Sing
et,et,CONcoo,MORPH=empty
congregans,congrego,VER,Case=Nom|Numb=Sing|Mood=Par|Tense=Pres|Voice=Act
dispersiones,dispersio,NOM3,Case=Acc|Numb=Plur
Israhel,israhel,NOM2,Case=Acc|Numb=Sing
et,et,CONcoo,MORPH=empty
ad,ad,PRE,MORPH=empty
laudem,lavs,NOM3,Case=Acc|Numb=Sing
eius,is,PROdem,Case=Gen|Numb=Sing
cohortatus,cohortor,VER,Case=Nom|Numb=Sing|Mood=Par|Tense=Perf|Voice=Dep
adiecit,adicio,VER,Numb=Sing|Mood=Ind|Tense=Perf|Voice=Act|Person=3
qui,qvi,PROrel,Case=Nom|Numb=Sing
operit,operio,VER,Numb=Sing|Mood=Ind|Tense=Pres|Voice=Act|Person=3
cselum,cselvs,NOM2,Case=Acc|Numb=Sing
nubibus,nvbes,NOM3,Case=Abl|Numb=Plur
qui,qvi,PROrel,Case=Nom|Numb=Sing
parat,paro,VER,Numb=Sing|Mood=Ind|Tense=Pres|Voice=Act|Person=3
terrae,terra,NOM1,Case=Gen|Numb=Sing
pluuiam,plvvia,NOM1,Case=Acc|Numb=Sing
ut,vt,CONsub,MORPH=empty
non,non,ADVneg,MORPH=empty
alius,alivs,PROind,Case=Nom|Numb=Sing
atque,atqve,CONcoo,MORPH=empty
alius,alivs,PROind,Case=Nom|Numb=Sing
legis,lex,NOM3,Case=Gen|Numb=Sing
latae,fero,ADJqua,Case=Gen|Numb=Sing|Deg=Pos|Voice=Pass
et,et,CONcoo,MORPH=empty
creationis,creatio,NOM3,Case=Gen|Numb=Sing
istius,iste,PROdem,Case=Gen|Numb=Sing
deus,devs,NOM2,Case=Nom|Numb=Sing
posset,possvm,VER,Numb=Sing|Mood=Sub|Tense=Impa|Voice=Act|Person=3
intellegi,intelligo,VER,Mood=Inf|Tense=Pres|Voice=Pass
.,vnvs,ADJcar,Case=Acc|Numb=Plur
ita,ita,ADV,Deg=Pos
autem,avtem,CONcoo,MORPH=empty
temperata,temperatvs,ADJqua,Case=Nom|Numb=Sing
doctrinae,doctrina,NOM1,Case=Gen|Numb=Sing
istius,iste,PROdem,Case=Gen|Numb=Sing
ratio,ratio,NOM3,Case=Nom|Numb=Sing
est,svm,VER,Numb=Sing|Mood=Ind|Tense=Pres|Voice=Act|Person=3
ut,vt,CONsub,MORPH=empty
ea,is,PROdem,Case=Nom|Numb=Sing
creationis,creatio,NOM3,Case=Gen|Numb=Sing
enumeratse,envmero,VER,Mood=Inf|Tense=Perf|Voice=Act
et,et,CONcoo,MORPH=empty
nomina,nomen,NOM3,Case=Acc|Numb=Plur
commemorarentur,commemoro,VER,Numb=Plur|Mood=Sub|Tense=Impa|Voice=Pass|Person=3
et,et,CONcoo,MORPH=empty
genera,genvs,NOM3,Case=Acc|Numb=Plur
quae,qvi,PROrel,Case=Acc|Numb=Plur
cum,cvm,CONsub,MORPH=empty
creatorem,creator,NOM3,Case=Acc|Numb=Sing
deum,devs,NOM2,Case=Gen|Numb=Plur
esse,svm,VER,Mood=Inf|Tense=Pres|Voice=Act
latae,fero,ADJqua,Case=Gen|Numb=Plur|Deg=Pos|Voice=Pass
legis,lex,NOM3,Case=Gen|Numb=Sing
ostenderent,ostendo,VER,Numb=Plur|Mood=Sub|Tense=Impa|Voice=Act|Person=3
significationem,significatio,NOM3,Case=Acc|Numb=Sing
tamen,tamen,ADV,Deg=Pos
in,in,PRE,MORPH=empty
se,svi,PROref,Case=Acc|Numb=Sing
institutionis,institvtio,NOM3,Case=Gen|Numb=Sing
typicse,typicse,ADV,Deg=Pos
continerent,contineo,VER,Numb=Plur|Mood=Sub|Tense=Impa|Voice=Act|Person=3
ut,vt,ADVrel,MORPH=empty
nunc,nvnc,ADV,Deg=Pos
confiteri,confiteor,VER,Mood=Inf|Tense=Pres|Voice=Dep
deo,devs,NOM2,Case=Dat|Numb=Sing
ob,ob,PRE,MORPH=empty
id,is,PROdem,Case=Acc|Numb=Sing
admonemur,admoneo,VER,Numb=Plur|Mood=Ind|Tense=Pres|Voice=Pass|Person=1
quia,qvia,CONsub,MORPH=empty
operit,operio,VER,Numb=Sing|Mood=Ind|Tense=Pres|Voice=Act|Person=3
caelum,caelvm,NOM2,Case=Acc|Numb=Sing
nubibus,nvbes,NOM3,Case=Abl|Numb=Plur
quia,qvia,CONsub,MORPH=empty
parat,paro,VER,Numb=Sing|Mood=Ind|Tense=Pres|Voice=Act|Person=3
terrae,terra,NOM1,Case=Gen|Numb=Sing
pluuiam,plvvia,NOM1,Case=Acc|Numb=Sing
quia,qvia,CONsub,MORPH=empty
producit,prodvco,VER,Numb=Sing|Mood=Ind|Tense=Pres|Voice=Act|Person=3
in,in,PRE,MORPH=empty
montibus,mons,NOM3,Case=Abl|Numb=Plur
fsenum,fenvm,NOM2,Case=Acc|Numb=Sing
dat,do,VER,Numb=Sing|Mood=Ind|Tense=Pres|Voice=Act|Person=3
iumentis,ivmentvm,NOM2,Case=Abl|Numb=Plur
escam,esca,NOM1,Case=Acc|Numb=Sing
ipsorum,ipse,PROdem,Case=Gen|Numb=Plur
et,et,CONcoo,MORPH=empty
herbam,herba,NOM1,Case=Acc|Numb=Sing
seruituti,servitvs,NOM3,Case=Dat|Numb=Sing
hominum,homo,NOM3,Case=Gen|Numb=Plur
et,et,CONcoo,MORPH=empty
pullis,pvllvs,NOM2,Case=Dat|Numb=Plur
coruorum,corvvs,NOM2,Case=Gen|Numb=Plur
.,qvinqvaginta,ADJcar,Case=Gen|Numb=Plur
inuocantibus,invoco,VER,Case=Dat|Numb=Plur|Mood=Par|Tense=Pres|Voice=Act
eum,is,PROdem,Case=Acc|Numb=Sing
.,vnvs,ADJcar,Case=Acc|Numb=Sing
in,in,PRE,MORPH=empty
his,hic,PROdem,Case=Abl|Numb=Plur
enim,enim,CONcoo,MORPH=empty
omnibus,omnis,PROind,Case=Abl|Numb=Plur
dei,devs,NOM2,Case=Gen|Numb=Sing
et,et,CONcoo,MORPH=empty
prouidentia,providentia,NOM1,Case=Nom|Numb=Sing
significatur,significo,VER,Numb=Sing|Mood=Ind|Tense=Pres|Voice=Pass|Person=3
et,et,CONcoo,MORPH=empty
bonitas,bonitas,NOM3,Case=Nom|Numb=Sing
ut,vt,CONsub,MORPH=empty
subtexto,svbtexo,VER,Case=Abl|Numb=Sing|Mood=Par|Tense=Perf|Voice=Pass
nubibus,nvbes,NOM3,Case=Abl|Numb=Plur
caelo,caelvm,NOM2,Case=Abl|Numb=Sing
terris,terra,NOM1,Case=Abl|Numb=Plur
pluuias,plvvia,NOM1,Case=Acc|Numb=Plur
infundat,infvndo,VER,Numb=Sing|Mood=Sub|Tense=Pres|Voice=Act|Person=3
ut,vt,CONsub,MORPH=empty
uertices,vertex,NOM3,Case=Acc|Numb=Plur
collium,collis,NOM3,Case=Gen|Numb=Plur
fseno,fenvm,NOM2,Case=Abl|Numb=Sing
uestiat,vestio,VER,Numb=Sing|Mood=Sub|Tense=Pres|Voice=Act|Person=3
et,et,CONcoo,MORPH=empty
iumentis,ivmentvm,NOM2,Case=Abl|Numb=Plur
pabulum,pabvlvm,NOM2,Case=Acc|Numb=Sing
praebeat,praebeo,VER,Numb=Sing|Mood=Sub|Tense=Pres|Voice=Act|Person=3
et,et,CONcoo,MORPH=empty
auibus,avis,NOM3,Case=Dat|Numb=Plur
cibos,cibvs,NOM2,Case=Acc|Numb=Plur
praestet,praesto,VER,Numb=Sing|Mood=Sub|Tense=Pres|Voice=Act|Person=3
quia,qvia,CONsub,MORPH=empty
ab,ab,PRE,MORPH=empty
eo,is,PROdem,Case=Abl|Numb=Sing
alimoniam,alimonia,NOM1,Case=Acc|Numb=Sing
uniuersa,vniversvs,ADJqua,Case=Acc|Numb=Plur|Deg=Pos
quae,qvi,PROrel,Case=Acc|Numb=Plur
creauit,creo,VER,Numb=Sing|Mood=Ind|Tense=Perf|Voice=Act|Person=3
expectent,exspecto,VER,Numb=Plur|Mood=Sub|Tense=Pres|Voice=Act|Person=3
.,qvintvs,ADJcar,Case=Acc|Numb=Plur
sed,sed,CONcoo,MORPH=empty
haec,hic,PROdem,Case=Nom|Numb=Plur
omnia,omnis,PROind,Case=Nom|Numb=Plur
diligentius,diligenter,ADV,Deg=Comp
introspecta,introspicio,VER,Numb=Sing|Mood=Par|Tense=Perf|Voice=Pass
significationis,significatio,NOM3,Case=Gen|Numb=Sing
alterius,alter,PROind,Case=Gen|Numb=Sing
uirtutem,virtvs,NOM3,Case=Acc|Numb=Sing
in,in,PRE,MORPH=empty
se,svi,PROref,Case=Acc|Numb=Sing
habent,habeo,VER,Numb=Plur|Mood=Ind|Tense=Pres|Voice=Act|Person=3
.,qvintvs,ADJcar,Case=Acc|Numb=Plur
Scimus,scimvs,NOM2,Case=Nom|Numb=Sing
enim,enim,CONcoo,MORPH=empty
esse,svm,VER,Mood=Inf|Tense=Pres|Voice=Act
nubes,nvbes,NOM3,Case=Acc|Numb=Plur
quibus,qvi,PROrel,Case=Abl|Numb=Plur
deus,devs,NOM2,Case=Nom|Numb=Sing
ne,ne,ADVneg,MORPH=empty
super,svper,PRE,MORPH=empty
uineam,vinea,NOM1,Case=Acc|Numb=Sing
pluant,plvo,VER,Numb=Plur|Mood=Ind|Tense=Pres|Voice=Act|Person=3
mandat,mando,VER,Numb=Sing|Mood=Ind|Tense=Pres|Voice=Act|Person=3
sicut,sicvt,ADVrel,MORPH=empty
per,per,PRE,MORPH=empty
Esaiam,esaia,NOM1,Case=Acc|Numb=Sing
dictum,dico,NOM2,Case=Nom|Numb=Sing
est,svm,VER,Numb=Sing|Mood=Ind|Tense=Pres|Voice=Act|Person=3
et,et,CONcoo,MORPH=empty
nubibus,nvbes,NOM3,Case=Abl|Numb=Plur
mandabo,mando,VER,Numb=Sing|Mood=Ind|Tense=Fut|Voice=Act|Person=1
ne,ne,CONsub,MORPH=empty
pluant,plvo,VER,Numb=Plur|Mood=Ind|Tense=Pres|Voice=Act|Person=3
super,svper,PRE,MORPH=empty
eam,is,PROdem,Case=Acc|Numb=Sing
pluuiam,plvvia,NOM1,Case=Acc|Numb=Sing
;,o,PRE,MORPH=empty
uinea,vinea,NOM1,Case=Abl|Numb=Sing
enim,enim,CONcoo,MORPH=empty
domini,dominvs,NOM2,Case=Gen|Numb=Sing
Sabaoth,sabaothes,NOM3,Case=Nom|Numb=Sing
domus,domvs,NOM6,Case=Nom|Numb=Sing
Israhel,israhel,ADJqua,Case=Nom|Numb=Sing
est,svm,VER,Numb=Sing|Mood=Ind|Tense=Pres|Voice=Act|Person=3
.,qvintvs,ADJcar,Case=Acc|Numb=Sing
nouimus,nosco,VER,Numb=Plur|Mood=Ind|Tense=Perf|Voice=Act|Person=1
nubes,nvbes,NOM3,Case=Nom|Numb=Plur
quae,qvi,PROrel,Case=Nom|Numb=Plur
prae,prae,PRE,MORPH=empty
fulgore,fvlgor,NOM3,Case=Abl|Numb=Sing
eius,is,PROdem,Case=Gen|Numb=Sing
in,in,PRE,MORPH=empty
conspectu,conspectvs,NOM4,Case=Abl|Numb=Sing
domini,dominvs,NOM2,Case=Gen|Numb=Plur
transeunt,transeo,VER,Numb=Plur|Mood=Ind|Tense=Pres|Voice=Act|Person=3
prae,prae,PRE,MORPH=empty
fulgore,fvlgor,NOM3,Case=Abl|Numb=Sing
inquit,inqvio,VER,Numb=Sing|Mood=Ind|Tense=Pres|Voice=Act|Person=3
eius,is,PROdem,Case=Gen|Numb=Sing
in,in,PRE,MORPH=empty
conspectu,conspectvs,NOM4,Case=Abl|Numb=Sing
eius,is,PROdem,Case=Gen|Numb=Sing
nubes,nvbes,NOM3,Case=Nom|Numb=Plur
transierunt,transeo,VER,Numb=Plur|Mood=Ind|Tense=Perf|Voice=Act|Person=3
.,qvintvs,ADJcar,Case=Acc|Numb=Plur
nouimus,nosco,VER,Numb=Plur|Mood=Ind|Tense=Perf|Voice=Act|Person=1
nubes,nvbes,NOM3,Case=Acc|Numb=Plur
quas,qvi,PROrel,Case=Acc|Numb=Plur
deus,devs,NOM2,Case=Nom|Numb=Sing
in,in,PRE,MORPH=empty
ascensum,ascensvs,NOM4,Case=Acc|Numb=Sing
suum,svvs,PROpos.ref,Case=Acc|Numb=Sing
posuit,pono,VER,Numb=Sing|Mood=Ind|Tense=Perf|Voice=Act|Person=3
et,et,CONcoo,MORPH=empty
posuit,pono,VER,Numb=Sing|Mood=Ind|Tense=Perf|Voice=Act|Person=3
nubem,nvbes,NOM3,Case=Acc|Numb=Sing
ascensum,ascensvs,NOM4,Case=Acc|Numb=Sing
suum,svvs,PROpos.ref,Case=Acc|Numb=Sing
.,qvadrantal,ADJcar,Case=Acc|Numb=Plur
nouimus,nosco,VER,Numb=Plur|Mood=Ind|Tense=Perf|Voice=Act|Person=1
nubes,nvbes,NOM3,Case=Acc|Numb=Plur
ad,ad,PRE,MORPH=empty
quas,qvi,PROrel,Case=Acc|Numb=Plur
usque,vsqve,ADV,Deg=Pos
dei,devs,NOM2,Case=Gen|Numb=Sing
ueritas,veritas,NOM3,Case=Nom|Numb=Sing
est,svm,VER,Numb=Sing|Mood=Ind|Tense=Pres|Voice=Act|Person=3
et,et,CONcoo,MORPH=empty
usque,vsqve,ADV,Deg=Pos
ad,ad,PRE,MORPH=empty
nubes,nvbes,NOM3,Case=Acc|Numb=Plur
ueritas,veritas,NOM3,Case=Nom|Numb=Sing
tua,tvvs,PROpos,Case=Nom|Numb=Sing
.,vnvs,ADJcar,Case=Gen|Numb=Sing
et,et,CONcoo,MORPH=empty
has,hic,PROdem,Case=Acc|Numb=Plur
nubes,nvbes,NOM3,Case=Acc|Numb=Plur
aliquot,aliqvot,PROind,Case=Ind
locis,locvs,NOM2,Case=Abl|Numb=Plur
sanctorum,sanctvs,ADJqua,Case=Gen|Numb=Plur|Deg=Pos
doctrinam,doctrina,NOM1,Case=Acc|Numb=Sing
significari,significo,VER,Mood=Inf|Tense=Pres|Voice=Pass
ratio,ratio,NOM3,Case=Nom|Numb=Sing
absoluta,absolvo,VER,Case=Nom|Numb=Sing|Mood=Par|Tense=Perf|Voice=Pass
est,svm,VER,Numb=Sing|Mood=Ind|Tense=Pres|Voice=Act|Person=3
quae,qvi,PROrel,Case=Nom|Numb=Plur
uetitae,veto,VER,Case=Nom|Numb=Plur|Mood=Par|Tense=Perf|Voice=Pass
infidelibus,infidelis,ADJqua,Case=Abl|Numb=Plur|Deg=Pos
pluere,plvo,VER,Mood=Inf|Tense=Pres|Voice=Act
eloquia,eloqvivm,NOM2,Case=Nom|Numb=Plur
arida,aridvs,ADJqua,Case=Acc|Numb=Plur|Deg=Pos
impiorum,impivs,ADJqua,Case=Gen|Numb=Plur|Deg=Pos
corda,cor,NOM3,Case=Acc|Numb=Plur
non,non,ADVneg,MORPH=empty
irrigant,irrigo,VER,Numb=Plur|Mood=Ind|Tense=Pres|Voice=Act|Person=3
.,qvintvs,ADJcar,Case=Acc|Numb=Plur
quse,qvie,ADV,MORPH=empty
cum,cvm,CONsub,MORPH=empty
dominus,dominvs,NOM2,Case=Nom|Numb=Sing
adsit,assvm,VER,Numb=Sing|Mood=Sub|Tense=Pres|Voice=Act|Person=3
esse,svm,VER,Mood=Inf|Tense=Pres|Voice=Act
cessabunt,cesso,VER,Numb=Plur|Mood=Ind|Tense=Fut|Voice=Act|Person=3
ut,vt,ADVrel,MORPH=empty
orto,orior,VER,Case=Abl|Numb=Sing|Mood=Par|Tense=Perf|Voice=Dep
sole,sol,NOM3,Case=Abl|Numb=Sing
stellarum,stella,NOM1,Case=Gen|Numb=Plur
lumen,lvmen,NOM3,Case=Nom|Numb=Sing
hebetatur,hebeto,VER,Numb=Sing|Mood=Ind|Tense=Pres|Voice=Pass|Person=3
.,qvadrantal,ADJcar,Case=Acc|Numb=Plur
ita,ita,ADV,Deg=Pos
et,et,CONcoo,MORPH=empty
doctrinae,doctrina,NOM1,Case=Gen|Numb=Sing
nubium,nvbes,NOM3,Case=Gen|Numb=Plur
domino,dominvs,NOM2,Case=Abl|Numb=Sing
ipso,ipse,PROdem,Case=Abl|Numb=Sing
iam,iam,ADV,Deg=Pos
per,per,PRE,MORPH=empty
se,svi,PROref,Case=Acc|Numb=Sing
fulgente,fvlgeo,VER,Case=Abl|Numb=Sing|Mood=Par|Tense=Pres|Voice=Act
praetereunt,praetereo,VER,Numb=Plur|Mood=Ind|Tense=Pres|Voice=Act|Person=3
.,vnvs,ADJcar,Case=Acc|Numb=Plur
per,per,PRE,MORPH=empty
quas,qvi,PROrel,Case=Acc|Numb=Plur
etiam,etiam,ADV,Deg=Pos
ad,ad,PRE,MORPH=empty
dominum,dominvs,NOM2,Case=Acc|Numb=Sing
conscenditur,conscendo,VER,Numb=Sing|Mood=Ind|Tense=Pres|Voice=Pass|Person=3
dum,dvm,CONsub,MORPH=empty
diuina,divinvs,ADJqua,Case=Nom|Numb=Sing|Deg=Pos
praedicatio,praedicatio,NOM3,Case=Nom|Numb=Sing
iter,iter,NOM3,Case=Acc|Numb=Sing
nobis,nos,PROper,Case=Dat|Numb=Plur
regni,regnvm,NOM2,Case=Gen|Numb=Sing
caelestis,caelestis,ADJqua,Case=Nom|Numb=Sing|Deg=Pos
ostendit,ostendo,VER,Numb=Sing|Mood=Ind|Tense=Pres|Voice=Act|Person=3
et,et,CONcoo,MORPH=empty
ideo,ideo,ADV,Deg=Pos
hse,hic,PROdem,Case=Nom
nubes,nvbes,NOM3,Case=Nom|Numb=Plur
nobis,nos,PROper,Case=Dat|Numb=Plur
positse,positse,ADV,MORPH=empty
sunt,svm,VER,Numb=Plur|Mood=Ind|Tense=Pres|Voice=Act|Person=3
in,in,PRE,MORPH=empty
ascensum,ascensvs,NOM4,Case=Acc|Numb=Sing
.,vnvs,ADJcar,Case=Acc|Numb=Sing
ueritas,veritas,NOM3,Case=Nom|Numb=Sing
quoque,qvoqve,ADV,Deg=Pos
dei,devs,NOM2,Case=Gen|Numb=Sing
usque,vsqve,ADV,Deg=Pos
ad,ad,PRE,MORPH=empty
nubes,nvbes,NOM3,Case=Acc|Numb=Plur
easdem,idem,PROdem,Case=Acc|Numb=Plur
est,svm,VER,Numb=Sing|Mood=Ind|Tense=Pres|Voice=Act|Person=3
quia,qvia,CONsub,MORPH=empty
in,in,PRE,MORPH=empty
se,svi,PROref,Case=Acc|Numb=Sing
ueram,vervs,ADJqua,Case=Acc|Numb=Sing|Deg=Pos
dei,devs,NOM2,Case=Gen|Numb=Sing
cognitionem,cognitio,NOM3,Case=Acc|Numb=Sing
haec,hic,PROdem,Case=Nom|Numb=Sing
doctrina,doctrina,NOM1,Case=Nom|Numb=Sing
prophetica,propheticvs,ADJqua,Case=Nom|Numb=Sing|Deg=Pos
continet,contineo,VER,Numb=Sing|Mood=Ind|Tense=Pres|Voice=Act|Person=3
.,qvintvs,ADJcar,Case=Acc|Numb=Plur
Haec,haectvs,NOM3,Case=Nom|Numb=Sing
ergo,ergo,CONcoo,MORPH=empty
ad,ad,PRE,MORPH=empty
commemorationem,commemoratio,NOM3,Case=Acc|Numb=Sing
dei,devs,NOM2,Case=Gen|Numb=Sing
laudium,lavdivm,NOM2,Case=Acc|Numb=Sing
creaturarum,creo,VER,Case=Gen|Numb=Plur
genera,genvs,NOM3,Case=Nom|Numb=Plur
electa,electvs,ADJqua,Case=Nom|Numb=Plur|Deg=Pos
sunt,svm,VER,Numb=Plur|Mood=Ind|Tense=Pres|Voice=Act|Person=3
quae,qvi,PROrel,Case=Nom|Numb=Plur
cum,cvm,CONsub,MORPH=empty
prseconium,prseconivm,NOM2,Case=Acc|Numb=Sing
in,in,PRE,MORPH=empty
se,svi,PROref,Case=Acc|Numb=Sing
creatoris,creator,NOM3,Case=Gen|Numb=Sing
ostenderent,ostendo,VER,Numb=Plur|Mood=Sub|Tense=Impa|Voice=Act|Person=3
parabolicam,parabolica,NOM1,Case=Acc|Numb=Sing
tamen,tamen,ADV,Deg=Pos
siue,sive,CONsub,MORPH=empty
ut,vt,CONsub,MORPH=empty
apostolus,apostolvs,ADJqua,Case=Nom|Numb=Sing|Deg=Pos
ait,aio,VER,Numb=Sing|Mood=Ind|Tense=Pres|Voice=Act|Person=3
allegorumenam,allegorima,NOM1,Case=Acc|Numb=Sing
nobis,nos,PROper,Case=Dat|Numb=Plur
doctrinam,doctrina,NOM1,Case=Acc|Numb=Sing
ita,ita,ADV,Deg=Pos
commemorata,commemoro,VER,Case=Acc|Numb=Plur|Mood=Par|Tense=Perf|Voice=Pass
praeberent,praebeo,VER,Numb=Plur|Mood=Sub|Tense=Impa|Voice=Act|Person=3
.,qvinqvaginta,ADJcar,Case=Ind|Numb=Plur
caelum,caelvm,NOM2,Case=Nom|Numb=Sing
ergo,ergo,CONcoo,MORPH=empty
nubibus,nvbes,NOM3,Case=Abl|Numb=Plur
subtegitur,svbtego,VER,Numb=Sing|Mood=Ind|Tense=Pres|Voice=Pass|Person=3
id,is,PROdem,Case=Nom|Numb=Sing
est,svm,VER,Numb=Sing|Mood=Ind|Tense=Pres|Voice=Act|Person=3
prophetica,propheticvs,ADJqua,Case=Nom|Numb=Sing|Deg=Pos
doctrina,doctrina,NOM1,Case=Nom|Numb=Sing
rebus,res,NOM5,Case=Dat|Numb=Plur
est,svm,VER,Numb=Sing|Mood=Ind|Tense=Pres|Voice=Act|Person=3
subiecta,svbicio,ADJqua,Case=Nom|Numb=Sing|Mood=Par|Tense=Perf|Voice=Pass
diuinis,divina,ADJqua,Case=Dat|Numb=Plur|Deg=Pos
.,qvinqvaginta,ADJcar,Case=Dat|Numb=Plur
pluuia,plvvia,NOM1,Case=Nom|Numb=Sing
terris,terra,NOM1,Case=Abl|Numb=Plur
infunditur,infvndo,VER,Numb=Sing|Mood=Ind|Tense=Pres|Voice=Pass|Person=3
eloquia,eloqvivm,NOM2,Case=Nom|Numb=Plur
scilicet,scilicet,ADV,Deg=Pos
harum,hic,PROdem,Case=Gen|Numb=Plur
subtextarum,svbtexo,ADJqua,Case=Gen|Numb=Plur|Voice=Pass
nubium,nvbes,NOM3,Case=Gen|Numb=Plur
profunduntur,profvndo,VER,Numb=Plur|Mood=Ind|Tense=Pres|Voice=Pass|Person=3
per,per,PRE,MORPH=empty
quae,qvi,PROrel,Case=Acc|Numb=Plur
infructuosi,infrvctvosvs,ADJqua,Case=Nom|Numb=Plur|Deg=Pos
ipsi,ipse,PROdem,Case=Nom|Numb=Plur
atque,atqve,CONcoo,MORPH=empty
aridi,aridvs,ADJqua,Case=Nom|Numb=Plur|Deg=Pos
ad,ad,PRE,MORPH=empty
eliciendos,elicio,VER,Case=Acc|Numb=Plur|Mood=Adj|Voice=Pass
ex,ex,PRE,MORPH=empty
nobis,nos,PROper,Case=Abl|Numb=Plur
fractus,frango,VER,Case=Nom|Numb=Sing|Mood=Par|Tense=Perf|Voice=Pass|Person=3
dono,donvm,NOM2,Case=Abl|Numb=Sing
diuini,divinvs,ADJqua,Case=Gen|Numb=Sing|Deg=Pos
imbris,imber,NOM3,Case=Gen|Numb=Sing
humescimus,hvmesco,VER,Numb=Plur|Mood=Ind|Tense=Pres|Voice=Act|Person=1
.,qvintvs,ADJcar,Case=Acc|Numb=Plur
et,et,CONcoo,MORPH=empty
haec,hic,PROdem,Case=Acc|Numb=Plur
eloquia,eloqvivm,NOM2,Case=Nom|Numb=Plur
diuina,divinvs,ADJqua,Case=Acc|Numb=Plur|Deg=Pos
tamquam,tamqvam,ADVrel,MORPH=empty
imbrem,imber,NOM3,Case=Acc|Numb=Sing
intellegenda,intelligo,VER,Case=Acc|Numb=Plur|Mood=Adj|Voice=Pass
esse,svm,VER,Mood=Inf|Tense=Pres|Voice=Act
Moyses,moyses,NOM7,Case=Nom|Numb=Sing
testatus,testor,VER,Case=Nom|Numb=Sing|Mood=Par|Tense=Perf|Voice=Dep
est,svm,VER,Numb=Sing|Mood=Ind|Tense=Pres|Voice=Act|Person=3
dicens,dico,VER,Case=Nom|Numb=Sing|Mood=Par|Tense=Pres|Voice=Act
expectetur,exspecto,VER,Numb=Sing|Mood=Sub|Tense=Pres|Voice=Pass|Person=3
sicut,sicvt,ADVrel,MORPH=empty
pluuia,plvvia,NOM1,Case=Nom|Numb=Sing
eloquium,eloqvivm,NOM2,Case=Acc|Numb=Sing
meum,mevs,PROpos,Case=Nom|Numb=Sing
et,et,CONcoo,MORPH=empty
descendant,descendo,VER,Numb=Plur|Mood=Sub|Tense=Pres|Voice=Act|Person=3
sicut,sicvt,ADVrel,MORPH=empty
ros,ros,NOM3,Case=Nom|Numb=Sing
uerba,verbvm,NOM2,Case=Acc|Numb=Plur
mea,mevs,PROpos,Case=Nom|Numb=Plur
ut,vt,CONsub,MORPH=empty
pluuia,plvvia,NOM1,Case=Nom|Numb=Sing
super,svper,PRE,MORPH=empty
gramen,gramen,NOM3,Case=Acc|Numb=Sing
.,qvintvs,ADJcar,Case=Acc|Numb=Plur
haec,hic,PROdem,Case=Nom|Numb=Sing
ergo,ergo,CONcoo,MORPH=empty
terrae,terra,NOM1,Case=Gen|Numb=Sing
pluuia,plvvia,NOM1,Case=Nom|Numb=Sing
praeparatur,praeparo,VER,Numb=Sing|Mood=Ind|Tense=Pres|Voice=Pass|Person=3
post,post,PRE,MORPH=empty
quam,qvi,PROrel,Case=Acc
fsenum,fenvm,NOM2,Case=Acc|Numb=Sing
in,in,PRE,MORPH=empty
montibus,mons,NOM3,Case=Abl|Numb=Plur
producitur,prodvco,VER,Numb=Sing|Mood=Ind|Tense=Pres|Voice=Pass|Person=3
et,et,CONcoo,MORPH=empty
iumentis,ivmentvm,NOM2,Case=Abl|Numb=Plur
in,in,PRE,MORPH=empty
escam,esca,NOM1,Case=Acc|Numb=Sing
propriam,proprivs,ADJqua,Case=Acc|Numb=Sing|Deg=Pos
praebetur,praebeo,VER,Numb=Sing|Mood=Ind|Tense=Fut|Voice=Pass|Person=3
.,qvadrantal,ADJcar,Case=Acc|Numb=Sing
opinor,opinor,VER,Numb=Sing|Mood=Ind|Tense=Pres|Voice=Dep|Person=1
fecundiores,fecvndvs,ADJqua,Case=Acc|Numb=Plur|Deg=Comp
esse,svm,VER,Mood=Inf|Tense=Pres|Voice=Act
montibus,mons,NOM3,Case=Abl|Numb=Plur
ualles,vallis,NOM3,Case=Nom|Numb=Plur
quse,qvie,CONsub,MORPH=empty
circumiectorum,circvmicio,VER,Case=Gen|Numb=Plur|Mood=Par|Voice=Pass
collium,collis,NOM3,Case=Gen|Numb=Plur
concauo,concavvs,ADJqua,Case=Abl|Numb=Sing|Deg=Pos
decliui,declivis,ADJqua,Case=Dat|Numb=Sing|Deg=Pos
in,in,PRE,MORPH=empty
se,svi,PROref,Case=Abl|Numb=Sing
humore,hvmor,NOM3,Case=Abl|Numb=Sing
pinguescant,pingvesco,VER,Numb=Plur|Mood=Sub|Tense=Pres|Voice=Act|Person=3
;,o,PRE,MORPH=empty
et,et,CONcoo,MORPH=empty
quid,qvis,PROint,Case=Nom|Numb=Sing
rationis,ratio,NOM3,Case=Gen|Numb=Sing
est,svm,VER,Numb=Sing|Mood=Ind|Tense=Pres|Voice=Act|Person=3
ut,vt,CONsub,MORPH=empty
ad,ad,PRE,MORPH=empty
escam,esca,NOM1,Case=Acc|Numb=Sing
iumentorum,ivmentvm,NOM2,Case=Gen|Numb=Plur
produci,prodvco,VER,Mood=Inf|Tense=Pres|Voice=Pass
faena,fenvm,NOM2,Case=Nom|Numb=Plur
laudentur,lavdo,VER,Numb=Plur|Mood=Sub|Tense=Pres|Voice=Pass|Person=3
in,in,PRE,MORPH=empty
montibus,mons,NOM3,Case=Abl|Numb=Plur
et,et,CONcoo,MORPH=empty
quamquam,qvamqvam,ADVrel,MORPH=empty
plures,mvltvs,ADJqua,Case=Nom|Numb=Plur|Deg=Comp
montes,mons,NOM3,Case=Nom|Numb=Plur
fecundis,fecvndvs,ADJqua,Case=Abl|Numb=Plur|Deg=Pos
uerticibus,vertex,NOM3,Case=Abl|Numb=Plur
atque,atqve,CONcoo,MORPH=empty
herbidis,herbida,NOM1,Case=Abl|Numb=Plur
sunt,svm,VER,Numb=Plur|Mood=Ind|Tense=Pres|Voice=Act|Person=3
tamen,tamen,ADV,Deg=Pos
rerum,res,NOM5,Case=Gen|Numb=Plur
corporalium,corporalis,ADJqua,Case=Gen|Numb=Plur|Deg=Pos
nominibus,nomen,NOM3,Case=Abl|Numb=Plur
spiritalis,spiritalis,ADJqua,Case=Nom|Numb=Sing|Deg=Pos
doctrina,doctrina,NOM1,Case=Nom|Numb=Sing
conserta,consertvs,VER,Case=Nom|Numb=Sing|Mood=Par|Tense=Perf|Voice=Pass
est,svm,VER,Numb=Sing|Mood=Ind|Tense=Pres|Voice=Act|Person=3
.,vnvs,ADJcar,Case=Gen|Numb=Sing
producunt,prodvco,VER,Numb=Plur|Mood=Ind|Tense=Pres|Voice=Act|Person=3
ergo,ergo,CONcoo,MORPH=empty
montes,mons,NOM3,Case=Acc|Numb=Plur
iumentis,ivmentvm,NOM2,Case=Abl|Numb=Plur
in,in,PRE,MORPH=empty
escam,esca,NOM1,Case=Acc|Numb=Sing
suam,svvs,PROpos.ref,Case=Acc|Numb=Sing
fsenum,fenvm,NOM2,Case=Acc|Numb=Sing
;,o,PRE,MORPH=empty
sed,sed,CONcoo,MORPH=empty
montes,mons,NOM3,Case=Nom|Numb=Plur
qui,qvi,PROrel,Case=Nom|Numb=Plur
exultauerunt,exsvlto,VER,Numb=Plur|Mood=Ind|Tense=Perf|Voice=Act|Person=3
sicut,sicvt,ADVrel,MORPH=empty
arietes,aries,NOM3,Case=Nom|Numb=Plur
in,in,PRE,MORPH=empty
quos,qvi,PROrel,Case=Acc|Numb=Plur
frequenter,freqventer,ADV,Deg=Pos
propheta,prophetvs,NOM2,Case=Acc|Numb=Sing
oculos,ocvlvs,NOM2,Case=Acc|Numb=Plur
erexit,erigo,VER,Numb=Sing|Mood=Ind|Tense=Perf|Voice=Act|Person=3
dicens,dico,VER,Case=Nom|Numb=Sing|Mood=Par|Tense=Pres|Voice=Act
leuaui,levo,VER,Numb=Sing|Mood=Ind|Tense=Perf|Voice=Act|Person=1
oculos,ocvlvs,NOM2,Case=Acc|Numb=Plur
meos,mevs,PROpos,Case=Acc|Numb=Plur
in,in,PRE,MORPH=empty
montes,mons,NOM3,Case=Acc|Numb=Plur
.,qvintvs,ADJcar,Case=Acc|Numb=Plur
hi,hic,PROdem,Case=Nom|Numb=Plur
ergo,ergo,CONcoo,MORPH=empty
montes,mons,NOM3,Case=Nom|Numb=Plur
patriarcharum,patriarches,NOM1,Case=Gen|Numb=Plur
prophetarum,propheta,NOM1,Case=Gen|Numb=Plur
apostolorum,apostolor,NOM2,Case=Gen|Numb=Plur
martyrum,martyrvs,ADJqua,Case=Acc|Numb=Sing
altitudines,altitvdo,NOM3,Case=Acc|Numb=Plur
fsena,fenvm,NOM2,Case=Acc|Numb=Plur
pecoribus,pecvs,NOM3,Case=Abl|Numb=Plur
producunt,prodvco,VER,Numb=Plur|Mood=Ind|Tense=Pres|Voice=Act|Person=3
.,qvintvs,ADJcar,Case=Acc|Numb=Plur
et,et,CONcoo,MORPH=empty
quibus,qvis,PROint,Case=Abl|Numb=Plur
tandem,tandem,ADV,Deg=Pos
pecoribus,pecvs,NOM3,Case=Abl|Numb=Plur
Esaiam,esaivs,NOM1,Case=Acc|Numb=Sing
audiamus,avdio,VER,Numb=Plur|Mood=Sub|Tense=Pres|Voice=Act|Person=1
agnouit,agnosco,VER,Numb=Sing|Mood=Ind|Tense=Perf|Voice=Act|Person=3
inquit,inqvio,VER,Numb=Sing|Mood=Ind|Tense=Pres|Voice=Act|Person=3
bos,bos,NOM3,Case=Acc|Numb=Sing
possessorem,possessor,NOM3,Case=Acc|Numb=Sing
suum,svvs,PROpos.ref,Case=Acc|Numb=Sing
et,et,CONcoo,MORPH=empty
asinus,asinvs,NOM2,Case=Nom|Numb=Sing
praesaepium,praesaepivm,NOM2,Case=Acc|Numb=Sing
domini,dominvs,NOM2,Case=Gen|Numb=Sing
sui,svvs,PROpos.ref,Case=Gen|Numb=Sing
;,o,PRE,MORPH=empty
Israhel,israhel,NOM2,Case=Acc|Numb=Sing
uero,vero,CONcoo,MORPH=empty
me,ego,PROper,Case=Acc|Numb=Sing
non,non,ADVneg,MORPH=empty
cognouit,cognosco,VER,Numb=Sing|Mood=Ind|Tense=Perf|Voice=Act|Person=3
.,vnvs,ADJcar,Case=Acc|Numb=Plur
et,et,CONcoo,MORPH=empty
quia,qvia,CONsub,MORPH=empty
per,per,PRE,MORPH=empty
hebetis,hebes,ADJqua,Case=Gen|Numb=Sing|Deg=Pos
naturae,natvra,NOM1,Case=Gen|Numb=Sing
inreligiosam,irreligiosvs,ADJqua,Case=Acc|Numb=Sing|Deg=Pos
ignorationem,ignoratio,NOM3,Case=Acc|Numb=Sing
pecora,pecvs,NOM3,Case=Nom|Numb=Plur
sunt,svm,VER,Numb=Plur|Mood=Ind|Tense=Pres|Voice=Act|Person=3
dicta,dictvm,NOM2,Case=Acc|Numb=Plur
cibus,cibvs,NOM2,Case=Nom|Numb=Sing
quoque,qvoqve,ADV,Deg=Pos
eorum,is,PROdem,Case=Gen|Numb=Plur
significatus,significo,VER,Case=Nom|Numb=Sing|Mood=Par|Tense=Perf|Voice=Pass
in,in,PRE,MORPH=empty
fseno,fenvm,NOM2,Case=Abl|Numb=Sing
.,qvintvs,ADJcar,Case=Gen|Numb=Plur
hoc,hic,PROdem,Case=Nom|Numb=Sing
ergo,ergo,CONcoo,MORPH=empty
faenum,fenvm,NOM2,Case=Nom|Numb=Sing
et,et,CONcoo,MORPH=empty
his,hic,PROdem,Case=Abl|Numb=Plur
iumentis,ivmentvm,NOM2,Case=Abl|Numb=Plur
praebetur,praebeo,VER,Numb=Sing|Mood=Ind|Tense=Fut|Voice=Pass|Person=3
in,in,PRE,MORPH=empty
montibus,mons,NOM3,Case=Abl|Numb=Plur
.,qvinqvaginta,ADJcar,Case=Acc|Numb=Plur
In,vnvs,ADJcar,Case=Acc
pluribus,mvltvs,ADJqua,Case=Abl|Numb=Plur|Deg=Comp
autem,avtem,CONcoo,MORPH=empty
codicibus,cavdex,NOM3,Case=Abl|Numb=Plur
insertum,insero,VER,Case=Acc|Numb=Sing|Mood=Par|Tense=Perf|Voice=Pass
hunc,hic,PROdem,Case=Acc|Numb=Sing
uersum,versvs,NOM4,Case=Acc|Numb=Sing
deprehendimus,deprehendo,VER,Numb=Plur|Mood=Ind|Tense=Perf|Voice=Act|Person=1
et,et,CONcoo,MORPH=empty
herbam,herba,NOM1,Case=Acc|Numb=Sing
seruituti,servitvs,NOM3,Case=Dat|Numb=Sing
hominum,homo,NOM3,Case=Gen|Numb=Plur
ut,vt,CONsub,MORPH=empty
ea,is,PROdem,Case=Nom|Numb=Plur
quae,qvi,PROrel,Case=Nom|Numb=Plur
superius,svpervs,ADV,Deg=Comp
dicta,dictvm,VER,Case=Nom|Numb=Plur
sunt,svm,VER,Numb=Plur|Mood=Ind|Tense=Pres|Voice=Act|Person=3
de,de,PRE,MORPH=empty
homine,homo,NOM3,Case=Abl|Numb=Sing
dicta,dictvm,NOM2,Case=Acc|Numb=Plur
esse,svm,VER,Mood=Inf|Tense=Pres|Voice=Act
per,per,PRE,MORPH=empty
nuncupationem,nvncvpatio,NOM3,Case=Acc|Numb=Sing
ipsius,ipse,PROdem,Case=Gen|Numb=Sing
hominis,homo,NOM3,Case=Gen|Numb=Sing
intellegerentur,intelligo,VER,Numb=Plur|Mood=Sub|Tense=Impa|Voice=Pass|Person=3
.,qvinqvaginta,ADJcar,Case=Ind|Numb=Plur
sed,sed,CONcoo,MORPH=empty
nos,nos,PROper,Case=Nom|Numb=Plur
non,non,ADVneg,MORPH=empty
egemus,egeo,VER,Numb=Plur|Mood=Ind|Tense=Fut|Voice=Act|Person=1
hoc,hic,PROdem,Case=Abl|Numb=Sing
sensu,sensvs,NOM4,Case=Abl|Numb=Sing
.,vnvs,ADJcar,Case=Acc|Numb=Plur
nam,nam,CONcoo,MORPH=empty
licet,licet,CONsub,Mood=Ind|Voice=Act|Person=3
non,non,ADVneg,MORPH=empty
inpediat,impedio,VER,Numb=Sing|Mood=Sub|Tense=Pres|Voice=Act|Person=3
adiectus,adiciscor,VER,Case=Nom|Numb=Sing|Tense=Perf|Voice=Pass
non,non,ADVneg,MORPH=empty
tamen,tamen,ADV,Deg=Pos
eum,is,PROdem,Case=Acc|Numb=Sing
tamquam,tamqvam,CONsub,MORPH=empty
non,non,ADVneg,MORPH=empty
aliis,alivs,PROind,Case=Dat|Numb=Plur
ad,ad,PRE,MORPH=empty
huius,hic,PROdem,Case=Gen|Numb=Sing
intellegentise,intelligentens,ADJqua,Numb=Sing|Deg=Pos
confirmationem,confirmatio,NOM3,Case=Acc|Numb=Sing
uti,vtor,VER,Mood=Inf|Tense=Pres|Voice=Dep
possimus,possvm,VER,Numb=Plur|Mood=Sub|Tense=Pres|Voice=Act|Person=1
amplectimur,amplector,VER,Numb=Plur|Mood=Ind|Tense=Pres|Voice=Dep|Person=1
.,qvintvs,ADJcar,Case=Acc|Numb=Plur
hic,hic,PROdem,Case=Nom|Numb=Sing|Deg=Pos
enim,enim,CONcoo,MORPH=empty
ordo,ordo,NOM3,Case=Nom|Numb=Sing
dictorum,dictvm,NOM2,Case=Gen|Numb=Plur
est,svm,VER,Numb=Sing|Mood=Ind|Tense=Pres|Voice=Act|Person=3
qui,qvi,PROrel,Case=Nom|Numb=Sing
operit,operio,VER,Numb=Sing|Mood=Ind|Tense=Pres|Voice=Act|Person=3
caelum,caelvm,NOM2,Case=Acc|Numb=Sing
nubibus,nvbes,NOM3,Case=Abl|Numb=Plur
et,et,CONcoo,MORPH=empty
parat,paro,VER,Numb=Sing|Mood=Ind|Tense=Pres|Voice=Act|Person=3
terrae,terra,NOM1,Case=Gen|Numb=Sing
pluuiam,plvvia,NOM1,Case=Acc|Numb=Sing
qui,qvi,PROrel,Case=Nom|Numb=Sing
producit,prodvco,VER,Numb=Sing|Mood=Ind|Tense=Pres|Voice=Act|Person=3
in,in,PRE,MORPH=empty
montibus,mons,NOM3,Case=Abl|Numb=Plur
fsenum,fenvm,NOM2,Case=Acc|Numb=Sing
dat,do,VER,Numb=Sing|Mood=Ind|Tense=Pres|Voice=Act|Person=3
iumentis,ivmentvm,NOM2,Case=Abl|Numb=Plur
escam,esca,NOM1,Case=Acc|Numb=Sing
ipsorum,ipse,PROdem,Case=Gen|Numb=Plur
et,et,CONcoo,MORPH=empty
herbam,herba,NOM1,Case=Acc|Numb=Sing
seruituti,servitvs,NOM3,Case=Dat|Numb=Sing
hominum,homo,NOM3,Case=Gen|Numb=Plur
et,et,CONcoo,MORPH=empty
pullis,pvllvs,NOM2,Case=Abl|Numb=Plur
coruorum,corvvs,NOM2,Case=Gen|Numb=Plur
inuocantibus,invoco,VER,Case=Abl|Numb=Plur|Mood=Par|Tense=Pres|Voice=Act
eum,is,PROdem,Case=Acc|Numb=Sing
.,vnvs,ADJcar,Case=Acc|Numb=Sing
siue,sive,CONsub,MORPH=empty
igitur,igitvr,CONcoo,MORPH=empty
per,per,PRE,MORPH=empty
nubium,nvbes,NOM3,Case=Gen|Numb=Plur
pluuiam,plvvia,NOM1,Case=Acc|Numb=Sing
producto,prodvco,VER,Case=Abl|Numb=Sing|Mood=Par|Tense=Perf|Voice=Pass
iumentis,ivmentvm,NOM2,Case=Abl|Numb=Plur
in,in,PRE,MORPH=empty
montibus,mons,NOM3,Case=Abl|Numb=Plur
fseno,fenvm,NOM2,Case=Abl|Numb=Sing
ut,vt,CONsub,MORPH=empty
allegorica,allegoricvs,ADJqua,Case=Nom|Numb=Sing|Deg=Pos
doctrina,doctrina,NOM1,Case=Nom|Numb=Sing
posset,possvm,VER,Numb=Sing|Mood=Sub|Tense=Impa|Voice=Act|Person=3
intellegi,intelligo,VER,Mood=Inf|Tense=Pres|Voice=Pass
hsec,hic,PROdem,Case=Nom|Numb=Sing
herba,herba,NOM1,Case=Nom|Numb=Sing
seruituti,servitvs,NOM3,Case=Dat|Numb=Sing
hominum,homo,NOM3,Case=Gen|Numb=Plur
praebetur,praebeo,VER,Numb=Sing|Mood=Ind|Tense=Fut|Voice=Pass|Person=3
qui,qvi,PROrel,Case=Nom|Numb=Plur
pecudea,pecvdevs,ADJqua,Case=Abl|Numb=Sing|Deg=Pos
ignoratione,ignoratio,NOM3,Case=Abl|Numb=Sing
deposita,depono,VER,Case=Abl|Numb=Sing|Mood=Par|Tense=Perf|Voice=Pass
deum,devs,NOM2,Case=Gen|Numb=Plur
tandem,tandem,ADV,Deg=Pos
rationabiliter,rationabiliter,ADV,Deg=Pos
conperissent,comperio,VER,Numb=Plur|Mood=Sub|Tense=Pqp|Voice=Act|Person=3
;,o,PRE,MORPH=empty
siue,sive,CONsub,MORPH=empty
quod,qvi,PROrel,Case=Nom|Numb=Sing
absolutius,absolvte,ADV,Case=Nom|Deg=Comp
intellegi,intelligo,VER,Mood=Inf|Tense=Pres|Voice=Pass
potest,possvm,VER,Numb=Sing|Mood=Ind|Tense=Pres|Voice=Act|Person=3
in,in,PRE,MORPH=empty
herba,herba,NOM1,Case=Abl|Numb=Sing
fructus,frvctvs,NOM4,Case=Gen|Numb=Sing
humanis,hvmanvs,ADJqua,Case=Abl|Numb=Plur|Deg=Pos
cibis,cibvs,NOM2,Case=Abl|Numb=Plur
praestiti,praesto,VER,Case=Nom|Numb=Plur|Mood=Par|Tense=Perf|Voice=Pass
edocentur,edoceo,VER,Numb=Plur|Mood=Ind|Tense=Fut|Voice=Pass|Person=3
quia,qvia,CONsub,MORPH=empty
omnes,omnis,PROind,Case=Nom|Numb=Plur
fructus,frvctvs,NOM4,Case=Nom|Numb=Plur
per,per,PRE,MORPH=empty
herbam,herba,NOM1,Case=Acc|Numb=Sing
confirmantur,confirmo,VER,Numb=Plur|Mood=Ind|Tense=Pres|Voice=Pass|Person=3
in,in,PRE,MORPH=empty
messem,messis,NOM3,Case=Acc|Numb=Sing
deo,devs,NOM2,Case=Dat|Numb=Sing
utrumque,vterqve,PROind,Case=Nom|Numb=Sing
laudi,lavs,NOM3,Case=Dat|Numb=Sing
est,svm,VER,Numb=Sing|Mood=Ind|Tense=Pres|Voice=Act|Person=3
infirmitati,infirmitas,NOM3,Case=Dat|Numb=Sing
eum,is,PROdem,Case=Acc|Numb=Sing
nostrae,noster,PROpos,Case=Gen|Numb=Sing
uel,vel,CONcoo,MORPH=empty
corporales,corporalis,ADJqua,Case=Nom|Numb=Plur|Deg=Pos
in,in,PRE,MORPH=empty
fructus,frvctvs,NOM4,Case=Acc|Numb=Plur
cibos,cibvs,NOM2,Case=Acc|Numb=Plur
uel,vel,CONcoo,MORPH=empty
spiritalia,spiritalis,NOM3,Case=Acc|Numb=Plur
in,in,PRE,MORPH=empty
prophetis,prophes,NOM2,Case=Abl|Numb=Plur
uitae,vita,NOM1,Case=Gen|Numb=Sing
pabula,pabvlvm,NOM2,Case=Acc|Numb=Plur
praebuisse,praebeo,VER,Mood=Inf|Tense=Perf|Voice=Act
.,qvintvs,ADJcar,Case=Acc|Numb=Plur
Sed,sede,CONcoo,Case=Nom|Numb=Sing
id,is,PROdem,Case=Acc|Numb=Sing
quod,qvi,PROrel,Case=Nom|Numb=Sing
sequitur,seqvor,VER,Numb=Sing|Mood=Ind|Tense=Pres|Voice=Dep|Person=3
quomodo,qvomodo,ADVrel,MORPH=empty
intellegi,intelligo,VER,Mood=Inf|Tense=Pres|Voice=Pass
oportebit,oportet,VER,Numb=Sing|Mood=Ind|Tense=Fut|Voice=Act|Person=3
et,et,CONcoo,MORPH=empty
pullis,pvllvs,NOM2,Case=Dat|Numb=Plur
coruorum,corvvs,NOM2,Case=Gen|Numb=Plur
inuocantibus,invoco,VER,Case=Abl|Numb=Plur|Mood=Par|Tense=Pres|Voice=Act
eum,is,PROdem,Case=Acc|Numb=Sing
deum,devs,NOM2,Case=Acc|Numb=Sing
inuocare,invoco,VER,Mood=Inf|Tense=Pres|Voice=Act
proprium,proprivs,ADJqua,Case=Nom|Numb=Sing|Deg=Pos
hominis,homo,NOM3,Case=Gen|Numb=Sing
officium,officivm,NOM2,Case=Nom|Numb=Sing
est,svm,VER,Numb=Sing|Mood=Ind|Tense=Pres|Voice=Act|Person=3
qui,qvi,PROrel,Case=Nom|Numb=Sing
solus,solvs,PROind,Case=Nom|Numb=Sing
ex,ex,PRE,MORPH=empty
uniuersis,vniversvs,ADJqua,Case=Abl|Numb=Plur|Deg=Pos
animantibus,animans,NOM3,Case=Abl|Numb=Plur
particeps,particeps,ADJqua,Case=Nom|Numb=Sing|Deg=Pos
rationis,ratio,NOM3,Case=Gen|Numb=Sing
effectus,effectvs,NOM4,Case=Nom|Numb=Sing
est,svm,VER,Numb=Sing|Mood=Ind|Tense=Pres|Voice=Act|Person=3
.,vnvs,ADJcar,Case=Acc|Numb=Sing
coruorum,corvvs,NOM2,Case=Gen|Numb=Plur
uero,vero,CONcoo,MORPH=empty
pulli,pvllvs,NOM2,Case=Nom|Numb=Plur
deum,devs,NOM2,Case=Gen|Numb=Plur
quomodo,qvomodo,ADVint,MORPH=empty
inuocant,invoco,VER,Numb=Plur|Mood=Ind|Tense=Pres|Voice=Act|Person=3
et,et,CONcoo,MORPH=empty
cur,cvr,ADVint,MORPH=empty
pulli,pvllvs,ADJqua,Case=Nom|Numb=Plur|Deg=Pos
coruorum,corvvs,NOM2,Case=Gen|Numb=Plur
potius,potivs,ADV,Deg=Comp
quam,qvam,ADVrel,MORPH=empty
corui,corvvs,NOM2,Case=Nom|Numb=Plur
quorum,qvi,PROrel,Case=Gen|Numb=Plur
natura,natvra,NOM1,Case=Nom|Numb=Sing
hebes,hebes,ADJqua,Case=Nom|Numb=Sing|Deg=Pos
inproba,improbvs,ADJqua,Case=Nom|Numb=Sing|Deg=Pos
inprouida,improvidvs,ADJqua,Case=Nom|Numb=Sing|Deg=Pos
nulla,nvllvs,PROind,Case=Nom|Numb=Sing
dei,devs,NOM2,Case=Gen|Numb=Sing
cognitione,cognitio,NOM3,Case=Abl|Numb=Sing
donata,dono,VER,Case=Nom|Numb=Sing|Mood=Par|Tense=Perf|Voice=Pass
sit,svm,VER,Numb=Sing|Mood=Sub|Tense=Pres|Voice=Act|Person=3
aut,avt,CONcoo,MORPH=empty
quse,qvie,CONsub,Deg=Pos
esca,esca,NOM1,Case=Nom|Numb=Sing
praebetur,praebeo,VER,Numb=Sing|Mood=Ind|Tense=Fut|Voice=Pass|Person=3
numquid,nvmqvid,ADVint,MORPH=empty
ut,vt,CONsub,MORPH=empty
fseni,fenvm,NOM2,Case=Gen|Numb=Sing
iumentis,ivmentvm,NOM2,Case=Abl|Numb=Plur
et,et,CONcoo,MORPH=empty
ut,vt,CONsub,MORPH=empty
herba,herba,NOM1,Case=Nom|Numb=Sing
hominibus,homo,NOM3,Case=Dat|Numb=Plur
corruptorum,corrvptvs,NOM3,Case=Gen|Numb=Plur
cadauerum,cadaver,NOM2,Case=Gen|Numb=Plur
foetidas,foetidvs,ADJqua,Case=Acc|Numb=Plur|Deg=Pos
sordes,sordes,NOM3,Case=Acc|Numb=Plur
deus,devs,NOM2,Case=Nom|Numb=Sing
orantibus,oro,VER,Case=Abl|Numb=Plur|Mood=Par|Tense=Pres|Voice=Act
se,svi,PROref,Case=Acc|Numb=Sing
coruorum,corvvs,NOM2,Case=Gen|Numb=Plur
pullis,pvllvs,NOM2,Case=Abl|Numb=Plur
et,et,CONcoo,MORPH=empty
pecudum,pecvs,NOM3,Case=Gen|Numb=Plur
mortes,mors,NOM3,Case=Acc|Numb=Plur
ad,ad,PRE,MORPH=empty
cibum,cibvs,NOM2,Case=Acc|Numb=Sing
uitae,vita,NOM1,Case=Gen|Numb=Sing
praesentis,praesens,ADJqua,Case=Gen|Numb=Sing|Deg=Pos
inpertiet,impertio,VER,Numb=Sing|Mood=Ind|Tense=Fut|Voice=Act|Person=3
hsec,hic,PROdem,Case=Acc
ita,ita,ADV,Deg=Pos
intellegere,intelligo,VER,Mood=Inf|Tense=Pres|Voice=Act
non,non,ADVneg,MORPH=empty
dicam,dico,VER,Numb=Sing|Mood=Ind|Tense=Fut|Voice=Act|Person=1
erroris,error,NOM3,Case=Gen|Numb=Sing
sed,sed,CONcoo,MORPH=empty
inreligiositatis,irreligiositas,NOM3,Case=Gen|Numb=Sing
extremae,exter,ADJqua,Case=Gen|Numb=Sing|Deg=Sup
est,svm,VER,Numb=Sing|Mood=Ind|Tense=Pres|Voice=Act|Person=3
.,vnvs,ADJcar,Case=Gen|Numb=Sing
quid,qvis,PROint,Case=Acc|Numb=Sing
ergo,ergo,CONcoo,MORPH=empty
intellegi,intelligo,VER,Mood=Inf|Tense=Pres|Voice=Pass
oporteat,oportet,VER,Numb=Sing|Mood=Sub|Tense=Pres|Voice=Act|Person=3
prout,provt,ADVrel,MORPH=empty
ipsi,ipse,PROdem,Case=Nom|Numb=Plur
dono,donvm,NOM2,Case=Dat|Numb=Sing
gratise,gratise,ADV,Deg=Pos
caelestis,caelestis,ADJqua,Case=Nom|Numb=Sing|Deg=Pos
adepti,adipiscor,VER,Case=Nom|Numb=Plur|Mood=Par|Tense=Perf|Voice=Dep
sumus,svm,VER,Numb=Plur|Mood=Ind|Tense=Pres|Voice=Act|Person=1
loquemur,loqvor,VER,Numb=Plur|Mood=Ind|Tense=Fut|Voice=Dep|Person=1
.,vnvs,ADJcar,Case=Acc|Numb=Plur
Coruum,corvvs,NOM2,Case=Acc|Numb=Sing
in,in,PRE,MORPH=empty
formam,forma,NOM1,Case=Acc|Numb=Sing
peccatoris,peccator,NOM3,Case=Gen|Numb=Sing
constitutum,constitvo,VER,Case=Acc|Numb=Sing|Mood=Ind|Tense=Perf|Voice=Pass|Person=3
esse,svm,VER,Mood=Inf|Tense=Pres|Voice=Act
tum,tvm,ADV,Deg=Pos
cum,cvm,CONsub,MORPH=empty
ex,ex,PRE,MORPH=empty
arca,arca,NOM1,Case=Abl|Numb=Sing
.,qvintvs,ADJcar,Case=Abl|Numb=Plur
emissus,emitto,VER,Case=Nom|Numb=Sing|Mood=Par|Tense=Perf|Voice=Pass
non,non,ADVneg,MORPH=empty
redit,redeo,VER,Numb=Sing|Mood=Ind|Tense=Pres|Voice=Act|Person=3
meminimus,memini,VER,Numb=Plur|Mood=Ind|Tense=Perf|Voice=Act|Person=1
.,vnvs,ADJcar,Case=Acc|Numb=Plur
cum,cvm,CONsub,MORPH=empty
enim,enim,CONcoo,MORPH=empty
consistendi,consisto,VER,Case=Gen|Numb=Sing|Mood=Ger|Voice=Act
nusquam,nvsqvam,ADVneg,MORPH=empty
locus,locvs,NOM2,Case=Nom|Numb=Sing
esset,svm,VER,Numb=Sing|Mood=Sub|Tense=Impa|Voice=Act|Person=3
aquis,aqva,NOM1,Case=Abl|Numb=Plur
in,in,PRE,MORPH=empty
uniuersa,vniversvm,NOM2,Case=Abl|Numb=Plur
diffusis,diffvndo,VER,Case=Abl|Numb=Plur|Mood=Par|Tense=Perf|Voice=Pass
ipse,ipse,PROdem,Case=Nom|Numb=Sing
columba,colvmba,NOM1,Case=Abl|Numb=Sing
postea,postea,ADV,Deg=Pos
non,non,ADVneg,MORPH=empty
reperta,reperio,VER,Case=Abl|Numb=Sing|Mood=Par|Tense=Perf|Voice=Pass
requie,reqvies,NOM5,Case=Abl|Numb=Sing
reuertente,revertor,VER,Case=Abl|Numb=Sing|Mood=Par|Tense=Pres|Voice=Act
non,non,ADVneg,MORPH=empty
rediit,redeo,VER,Numb=Sing|Mood=Ind|Tense=Perf|Voice=Act|Person=3
.,vnvs,ADJcar,Case=Acc|Numb=Sing
cum,cvm,CONsub,MORPH=empty
enim,enim,CONcoo,MORPH=empty
illic,illic,ADV,Deg=Pos
arca,arca,NOM1,Case=Abl|Numb=Sing
ecclesiae,ecclesia,NOM1,Case=Gen|Numb=Sing
formam,forma,NOM1,Case=Acc|Numb=Sing
habuerit,habeo,VER,Numb=Sing|Mood=Ind|Tense=Fut|Voice=Act|Person=3
is,is,PROdem,Case=Nom|Numb=Sing
qui,qvi,PROrel,Case=Nom|Numb=Sing
ecclesiam,ecclesia,NOM1,Case=Acc|Numb=Sing
cum,cvm,CONsub,MORPH=empty
numquam,nvmqvam,ADVneg,MORPH=empty
alibi,alibi,ADV,Deg=Pos
posset,possvm,VER,Numb=Sing|Mood=Sub|Tense=Impa|Voice=Act|Person=3
consistere,consisto,VER,Mood=Inf|Tense=Pres|Voice=Act
derelinquit,derelinqvo,VER,Numb=Sing|Mood=Ind|Tense=Pres|Voice=Act|Person=3
peccatoris,peccator,NOM3,Case=Gen|Numb=Sing
in,in,PRE,MORPH=empty
eo,is,PROdem,Case=Abl|Numb=Sing
exemplum,exemplvm,NOM2,Case=Nom|Numb=Sing
est,svm,VER,Numb=Sing|Mood=Ind|Tense=Pres|Voice=Act|Person=3
constitutum,constitvo,VER,Case=Acc|Numb=Sing|Mood=Inf|Tense=Perf|Voice=Pass
qui,qvi,PROrel,Case=Nom|Numb=Sing
cum,cvm,CONsub,MORPH=empty
nullam,nvllvs,PROind,Case=Acc|Numb=Sing
aliam,alivs,PROind,Case=Acc|Numb=Sing
praeterquam,praeterqvam,ADV,Deg=Pos
ecclesiae,ecclesia,NOM1,Case=Gen|Numb=Sing
requiem,reqvies,NOM5,Case=Acc|Numb=Sing
habeat,habeo,VER,Numb=Sing|Mood=Sub|Tense=Pres|Voice=Act|Person=3
in,in,PRE,MORPH=empty
saeculo,saecvlvm,NOM2,Case=Abl|Numb=Sing
mauult,malo,VER,Numb=Sing|Mood=Ind|Tense=Pres|Voice=Act|Person=3
tamen,tamen,ADV,Deg=Pos
in,in,PRE,MORPH=empty
inanibus,inanis,NOM3,Case=Abl|Numb=Plur
saeculi,saecvlvm,NOM2,Case=Gen|Numb=Sing
demorari,demoror,VER,Mood=Inf|Tense=Pres|Voice=Dep
.,qvintvs,ADJcar,Case=Acc|Numb=Plur
hanc,hic,PROdem,Case=Acc|Numb=Sing
quoque,qvoqve,ADV,Deg=Pos
auem,avis,NOM3,Case=Acc|Numb=Sing
legimus,lego,VER,Numb=Plur|Mood=Ind|Tense=Perf|Voice=Act|Person=1
in,in,PRE,MORPH=empty
pastum,pastvs,NOM4,Case=Acc|Numb=Sing
Helise,helisvs,NOM7,Case=Acc|Numb=Sing
deputatam,depvto,VER,Case=Acc|Numb=Sing|Mood=Inf|Tense=Perf|Voice=Pass
cibos,cibvs,NOM2,Case=Acc|Numb=Plur
semper,semper,ADV,Deg=Pos
ei,is,PROdem,Case=Dat|Numb=Sing
fuisse,svm,VER,Mood=Inf|Tense=Perf|Voice=Act
solitam,solitvs,ADJqua,Case=Acc|Numb=Sing|Deg=Pos
inferre,infero,VER,Mood=Inf|Tense=Pres|Voice=Act
et,et,CONcoo,MORPH=empty
hoc,hic,PROdem,Case=Acc|Numb=Sing
tum,tvm,ADV,Deg=Pos
cum,cvm,CONsub,MORPH=empty
impiissime,impivs,ADV,Deg=Sup
omnis,omnis,PROind,Case=Acc|Numb=Sing
populus,popvlvs,NOM2,Case=Nom|Numb=Sing
et,et,CONcoo,MORPH=empty
inreligiosissime,irreligiose,ADV,Deg=Sup
deuersaretur,deversor,VER,Numb=Sing|Mood=Sub|Tense=Impa|Voice=Dep|Person=3
.,vnvs,ADJcar,Case=Acc|Numb=Plur
in,in,PRE,MORPH=empty
famulatum,famvlatvs,NOM4,Case=Acc|Numb=Sing
ergo,ergo,CONcoo,MORPH=empty
tanti,tantvs,PROdem,Case=Gen|Numb=Sing
prophetae,propheta,NOM1,Case=Nom|Numb=Sing
haec,hic,PROdem,Case=Nom|Numb=Sing
auis,avis,NOM3,Case=Nom|Numb=Sing
quae,qvi,PROrel,Case=Nom|Numb=Sing
in,in,PRE,MORPH=empty
formam,forma,NOM1,Case=Acc|Numb=Sing
peccatoris,peccator,NOM3,Case=Gen|Numb=Sing
erat,svm,VER,Numb=Sing|Mood=Ind|Tense=Impa|Voice=Act|Person=3
constituta,constitvo,VER,Case=Nom|Numb=Sing|Mood=Par|Tense=Perf|Voice=Pass
delecta,deligo,VER,Case=Nom|Numb=Sing|Mood=Par|Tense=Perf|Voice=Pass
est,svm,VER,Numb=Sing|Mood=Ind|Tense=Pres|Voice=Act|Person=3
.,vnvs,ADJcar,Case=Gen|Numb=Sing
cum,cvm,CONsub,MORPH=empty
enim,enim,CONcoo,MORPH=empty
anterior,anterior,ADJqua,Case=Nom|Numb=Sing|Deg=Comp
populus,popvlvs,NOM2,Case=Nom|Numb=Sing
inprobabilis,improbabilis,ADJqua,Case=Nom|Numb=Sing|Deg=Pos
repertus,reperio,VER,Case=Nom|Numb=Sing|Mood=Par|Tense=Perf|Voice=Pass
est,svm,VER,Numb=Sing|Mood=Ind|Tense=Pres|Voice=Act|Person=3
tum,tvm,ADV,Deg=Pos
dei,devs,NOM2,Case=Gen|Numb=Sing
prsedicatio,prsedicatio,NOM3,Case=Nom|Numb=Sing
quse,qvie,ADVrel,Deg=Pos
cibus,cibvs,NOM2,Case=Nom|Numb=Sing
et,et,CONcoo,MORPH=empty
esuritio,esvritio,NOM3,Case=Nom|Numb=Sing
est,svm,VER,Numb=Sing|Mood=Ind|Tense=Pres|Voice=Act|Person=3
prophetarum,propheta,NOM1,Case=Gen|Numb=Plur
per,per,PRE,MORPH=empty
eorum,is,PROdem,Case=Gen|Numb=Plur
qui,qvi,PROrel,Case=Nom|Numb=Plur
peccatores,peccator,NOM3,Case=Nom|Numb=Plur
erant,svm,VER,Numb=Plur|Mood=Ind|Tense=Impa|Voice=Act|Person=3
officia,officivm,NOM2,Case=Nom|Numb=Plur
expletur,expleo,VER,Numb=Sing|Mood=Ind|Tense=Pres|Voice=Pass|Person=3
.,qvintvs,ADJcar,Case=Acc|Numb=Plur
nos,nos,PROper,Case=Nom|Numb=Plur
enim,enim,CONcoo,MORPH=empty
uel,vel,CONcoo,MORPH=empty
ceteri,ceteri,NOM2,Case=Nom|Numb=Plur
ante,ante,PRE,MORPH=empty
nos,nos,PROper,Case=Acc|Numb=Plur
ex,ex,PRE,MORPH=empty
inpudentibus,impvdens,ADJqua,Case=Abl|Numb=Plur|Deg=Pos
et,et,CONcoo,MORPH=empty
procacibus,procax,ADJqua,Case=Abl|Numb=Plur|Deg=Pos
et,et,CONcoo,MORPH=empty
inmundis,immvndvs,ADJqua,Case=Abl|Numb=Plur|Deg=Pos
et,et,CONcoo,MORPH=empty
cruentis,crventvs,ADJqua,Case=Abl|Numb=Plur|Deg=Pos
geniti,gigno,VER,Case=Nom|Numb=Plur|Mood=Par|Tense=Perf|Voice=Pass
atque,atqve,CONcoo,MORPH=empty
nati,natvs,NOM2,Case=Nom|Numb=Plur
tamquam,tamqvam,ADVrel,MORPH=empty
pulli,pvllvs,ADJqua,Case=Nom|Numb=Plur|Deg=Pos
coruorum,corvvs,NOM2,Case=Gen|Numb=Plur
deum,devs,NOM2,Case=Gen|Numb=Plur
inuocamus,invoco,VER,Numb=Plur|Mood=Ind|Tense=Pres|Voice=Act|Person=1
agnitione,agnitio,NOM3,Case=Abl|Numb=Sing
confessione,confessio,NOM3,Case=Abl|Numb=Sing
famulatu,famvlatvs,NOM4,Case=Abl|Numb=Sing
ut,vt,ADVrel,MORPH=empty
ex,ex,PRE,MORPH=empty
iumentis,ivmentvm,NOM2,Case=Abl|Numb=Plur
et,et,CONcoo,MORPH=empty
pecoribus,pecvs,NOM3,Case=Abl|Numb=Plur
per,per,PRE,MORPH=empty
agnitionem,agnitio,NOM3,Case=Acc|Numb=Sing
dei,devs,NOM2,Case=Gen|Numb=Sing
homines,homo,NOM3,Case=Nom|Numb=Plur
effecti,efficio,VER,Case=Gen|Numb=Plur|Mood=Par|Tense=Perf|Voice=Pass
rationis,ratio,NOM3,Case=Gen|Numb=Sing
scilicet,scilicet,ADV,Deg=Pos
participes,particeps,ADJqua,Case=Acc|Numb=Plur|Deg=Pos
ex,ex,PRE,MORPH=empty
rationis,ratio,NOM3,Case=Gen|Numb=Sing
ignaris,ignarvs,ADJqua,Case=Abl|Numb=Plur|Deg=Pos
quibus,qvi,PROrel,Case=Abl|Numb=Plur
cotidie,cotidie,ADV,Deg=Pos
a,ab,PRE,MORPH=empty
deo,devs,NOM2,Case=Abl|Numb=Sing
producente,prodvco,VER,Case=Abl|Numb=Sing|Mood=Par|Tense=Pres|Voice=Act
in,in,PRE,MORPH=empty
prophetis,prophes,NOM2,Case=Abl|Numb=Plur
doctrinae,doctrina,NOM1,Case=Gen|Numb=Sing
praedicationem,praedicatio,NOM3,Case=Acc|Numb=Sing
tamquam,tamqvam,ADVrel,MORPH=empty
in,in,PRE,MORPH=empty
montibus,mons,NOM3,Case=Abl|Numb=Plur
faenum,fenvm,NOM2,Case=Acc|Numb=Sing
cibi,cibvs,NOM2,Case=Gen|Numb=Sing
caelestis,caelestis,ADJqua,Case=Nom|Numb=Sing|Deg=Pos
praebetur,praebeo,VER,Numb=Sing|Mood=Ind|Tense=Pres|Voice=Pass|Person=3
alimonia,alimonia,NOM1,Case=Abl|Numb=Sing
.,qvinqvaginta,ADJcar,Case=Acc|Numb=Plur
Vt,qvadraginta,CONcoo,Case=Ind
autem,avtem,CONcoo,MORPH=empty
omnia,omnis,PROind,Case=Nom|Numb=Plur
hsec,hic,PROdem,Case=Nom
quse,qvie,ADVrel,Deg=Pos
allegorice,allegorix,ADJqua,Case=Nom|Numb=Sing|Deg=Pos
commemorata,commemoro,VER,Case=Nom|Numb=Plur|Mood=Par|Tense=Perf|Voice=Pass
sunt,svm,VER,Numb=Plur|Mood=Ind|Tense=Pres|Voice=Act|Person=3
in,in,PRE,MORPH=empty
profectum,profectvs,NOM2,Case=Acc|Numb=Sing
humanae,hvmanvs,ADJqua,Case=Gen|Numb=Sing|Deg=Pos
salutis,salvs,NOM3,Case=Gen|Numb=Sing
geri,gero,VER,Mood=Inf|Tense=Pres|Voice=Pass
intellegerentur,intelligo,VER,Numb=Plur|Mood=Sub|Tense=Impa|Voice=Pass|Person=3
psalmum,psalmvs,NOM2,Case=Acc|Numb=Sing
conclusione,conclvsio,NOM3,Case=Abl|Numb=Sing
confirmat,confirmo,VER,Numb=Sing|Mood=Ind|Tense=Pres|Voice=Act|Person=3
.,qvintvs,ADJcar,Case=Acc|Numb=Plur
ita,ita,ADV,Deg=Pos
enim,enim,CONcoo,MORPH=empty
ait,aio,VER,Numb=Sing|Mood=Ind|Tense=Pres|Voice=Act|Person=3
non,non,ADVneg,MORPH=empty
in,in,PRE,MORPH=empty
uiribus,vis,NOM3,Case=Abl|Numb=Plur
equi,eqvvs,NOM2,Case=Gen|Numb=Sing
uoluntatem,volvntas,NOM3,Case=Acc|Numb=Sing
habet,habeo,VER,Numb=Sing|Mood=Ind|Tense=Pres|Voice=Act|Person=3
nec,nec,CONcoo,MORPH=empty
in,in,PRE,MORPH=empty
tabernaculis,tabernacvlvm,NOM2,Case=Abl|Numb=Plur
uiri,vir,NOM2,Case=Gen|Numb=Sing
beneplacitum,beneplacitvs,ADJqua,Case=Nom|Numb=Sing|Deg=Pos
est,svm,VER,Numb=Sing|Mood=Ind|Tense=Pres|Voice=Act|Person=3
ei,is,PROdem,Case=Dat|Numb=Sing
.,pes,ADJcar,Case=Dat|Numb=Sing
beneplacitum,beneplacitvs,ADJqua,Case=Nom|Numb=Sing|Deg=Pos
est,svm,VER,Numb=Sing|Mood=Ind|Tense=Pres|Voice=Act|Person=3
domino,dominvs,NOM2,Case=Dat|Numb=Sing
super,svper,PRE,MORPH=empty
timentes,timeo,VER,Case=Acc|Numb=Plur|Mood=Par|Tense=Pres|Voice=Act
eum,is,PROdem,Case=Acc|Numb=Sing
et,et,CONcoo,MORPH=empty
in,in,PRE,MORPH=empty
omnes,omnis,PROind,Case=Acc|Numb=Plur
qui,qvi,PROrel,Case=Nom|Numb=Plur
sperant,spero,VER,Numb=Plur|Mood=Ind|Tense=Pres|Voice=Act|Person=3
super,svper,PRE,MORPH=empty
misericordiam,misericordia,NOM1,Case=Acc|Numb=Sing
eius,is,PROdem,Case=Gen|Numb=Sing
.,pes,ADJcar,Case=Gen|Numb=Plur
contraria,contrarivs,ADJqua,Case=Nom|Numb=Plur|Deg=Pos
sibi,svi,PROref,Case=Dat|Numb=Sing
ista,iste,PROdem,Case=Nom|Numb=Plur
sunt,svm,VER,Numb=Plur|Mood=Ind|Tense=Pres|Voice=Act|Person=3
si,si,CONsub,MORPH=empty
corporaliter,corporaliter,ADV,Deg=Pos
intellegantur,intelligo,VER,Numb=Plur|Mood=Sub|Tense=Pres|Voice=Pass|Person=3
.,qvinqvaginta,ADJcar,Case=Ind|Numb=Plur
quomodo,qvomodo,ADVint,MORPH=empty
enim,enim,CONcoo,MORPH=empty
deus,devs,NOM2,Case=Nom|Numb=Sing
iumentis,ivmentvm,NOM2,Case=Abl|Numb=Plur
fsenum,fenvm,NOM2,Case=Acc|Numb=Sing
producit,prodvco,VER,Numb=Sing|Mood=Ind|Tense=Pres|Voice=Act|Person=3
in,in,PRE,MORPH=empty
montibus,mons,NOM3,Case=Abl|Numb=Plur
cui,qvi,PROrel,Case=Dat|Numb=Sing
non,non,ADVneg,MORPH=empty
est,svm,VER,Numb=Sing|Mood=Ind|Tense=Pres|Voice=Act|Person=3
beneplacitum,beneplacitvs,ADJqua,Case=Nom|Numb=Sing|Deg=Pos
in,in,PRE,MORPH=empty
equis,eqvvs,NOM2,Case=Abl|Numb=Plur
necessitatis,necessitas,NOM3,Case=Gen|Numb=Sing
namque,namqve,CONcoo,MORPH=empty
ministerium,ministerivm,NOM2,Case=Nom|Numb=Sing
non,non,ADVneg,MORPH=empty
prouidentise,providenter,ADV,Deg=Pos
benignitas,benignitas,NOM3,Case=Nom|Numb=Sing
est,svm,VER,Numb=Sing|Mood=Ind|Tense=Pres|Voice=Act|Person=3
alimonia,alimonia,NOM1,Case=Abl|Numb=Sing
praebere,praebeo,VER,Mood=Inf|Tense=Pres|Voice=Act
non,non,ADVneg,MORPH=empty
placitis,placitvm,VER,Case=Abl|Numb=Plur
.,vnvs,ADJcar,Case=Dat|Numb=Plur
sed,sed,CONcoo,MORPH=empty
quia,qvia,CONsub,MORPH=empty
omnis,omnis,PROind,Case=Nom|Numb=Sing
dei,devs,NOM2,Case=Gen|Numb=Sing
misericordia,misericordia,NOM1,Case=Abl|Numb=Sing
curam,cvra,NOM1,Case=Acc|Numb=Sing
habet,habeo,VER,Numb=Sing|Mood=Ind|Tense=Pres|Voice=Act|Person=3
humanse,hvmansvs,VER,Case=Abl|Numb=Sing|Mood=Par|Voice=Act
salutis,salvs,NOM3,Case=Gen|Numb=Sing
allegorice,allegorix,ADJqua,Case=Abl|Numb=Sing|Deg=Pos
superius,svpervs,ADV,Case=Acc|Deg=Comp
dicta,dictvm,NOM2,Case=Acc|Numb=Sing
conclusionis,conclvsio,NOM3,Case=Gen|Numb=Sing
absolutione,absolvtio,NOM3,Case=Abl|Numb=Sing
consummat,consvmmo,VER,Numb=Sing|Mood=Ind|Tense=Pres|Voice=Act|Person=3
non,non,ADVneg,MORPH=empty
pecorum,pecvs,NOM3,Case=Gen|Numb=Plur
speciem,species,NOM5,Case=Acc|Numb=Sing
atque,atqve,CONcoo,MORPH=empty
uirtutem,virtvs,NOM3,Case=Acc|Numb=Sing
nec,nec,CONcoo,MORPH=empty
pretiosarum,pretiosvs,ADJqua,Case=Gen|Numb=Plur|Deg=Pos
domorum,domvs,NOM3,Case=Gen|Numb=Plur
deo,devs,NOM2,Case=Dat|Numb=Sing
ornamenta,ornamentvm,NOM2,Case=Acc|Numb=Plur
placuisse,placeo,VER,Mood=Inf|Tense=Perf|Voice=Act
quae,qvi,PROrel,Case=Nom|Numb=Sing
maxima,magnvs,ADJqua,Case=Nom|Numb=Sing|Deg=Sup
est,svm,VER,Numb=Sing|Mood=Ind|Tense=Pres|Voice=Act|Person=3
humanae,hvmanvs,ADJqua,Case=Gen|Numb=Sing|Deg=Pos
opinionis,opinio,NOM3,Case=Gen|Numb=Sing
ambitio,ambitio,NOM3,Case=Nom|Numb=Sing
habere,habeo,VER,Mood=Inf|Tense=Pres|Voice=Act
equos,eqvvs,NOM2,Case=Acc|Numb=Plur
nobiles,nobilis,ADJqua,Case=Acc|Numb=Plur|Deg=Pos
domos,domvs,NOM2,Case=Acc|Numb=Plur
pulchras,pvlcher,ADJqua,Case=Acc|Numb=Plur|Deg=Pos
sed,sed,CONcoo,MORPH=empty
placere,placeo,VER,Mood=Inf|Tense=Pres|Voice=Act
tantum,tantvm,ADV,MORPH=empty
timentem,timeo,VER,Case=Acc|Numb=Sing|Mood=Par|Tense=Pres|Voice=Act
sperantem,spero,VER,Case=Acc|Numb=Sing|Mood=Par|Tense=Pres|Voice=Act
et,et,CONcoo,MORPH=empty
potestatem,potestas,NOM3,Case=Acc|Numb=Sing
dei,devs,NOM2,Case=Gen|Numb=Sing
et,et,CONcoo,MORPH=empty
misericordiam,misericordia,NOM1,Case=Acc|Numb=Sing
spe,spes,NOM5,Case=Abl|Numb=Sing
metu,metvs,NOM4,Case=Abl|Numb=Sing
-que,qvovs,CONcoo,MORPH=empty
testantem,testor,VER,Case=Acc|Numb=Sing|Mood=Par|Tense=Pres|Voice=Act
.,vnvs,ADJcar,Case=Acc|Numb=Plur
misericors,misericors,ADJqua,Case=Nom|Numb=Sing|Deg=Pos
enim,enim,CONcoo,MORPH=empty
et,et,CONcoo,MORPH=empty
potens,potens,ADJqua,Case=Nom|Numb=Sing|Deg=Pos
est,svm,VER,Numb=Sing|Mood=Ind|Tense=Pres|Voice=Act|Person=3
qui,qvi,PROrel,Case=Nom|Numb=Sing
dixit,dico,VER,Numb=Sing|Mood=Ind|Tense=Perf|Voice=Act|Person=3
qui,qvi,PROrel,Case=Nom|Numb=Sing
credit,credo,VER,Numb=Sing|Mood=Ind|Tense=Pres|Voice=Act|Person=3
in,in,PRE,MORPH=empty
me,ego,PROper,Case=Acc|Numb=Sing
non,non,ADVneg,MORPH=empty
iudicabitur,ivdico,VER,Numb=Sing|Mood=Ind|Tense=Fut|Voice=Pass|Person=3
sed,sed,CONcoo,MORPH=empty
transiet,transeo,VER,Numb=Sing|Mood=Ind|Tense=Fut|Voice=Act|Person=3
de,de,PRE,MORPH=empty
morte,mors,NOM3,Case=Abl|Numb=Sing
ad,ad,PRE,MORPH=empty
uitam,vita,NOM1,Case=Acc|Numb=Sing
;,o,PRE,MORPH=empty
et,et,CONcoo,MORPH=empty
potens,potens,ADJqua,Case=Nom|Numb=Sing|Deg=Pos
mortem,mors,NOM3,Case=Acc|Numb=Sing
demutare,demvto,VER,Mood=Inf|Tense=Pres|Voice=Act
uita,vita,NOM1,Case=Abl|Numb=Sing
et,et,CONcoo,MORPH=empty
misericors,misericors,ADJqua,Case=Nom|Numb=Sing|Deg=Pos
iudicii,ivdicivm,NOM2,Case=Gen|Numb=Sing
amouere,amoveo,VER,Mood=Inf|Tense=Pres|Voice=Act
terrorem,terror,NOM3,Case=Acc|Numb=Sing
dominus,dominvs,NOM2,Case=Nom|Numb=Sing
noster,noster,PROpos,Case=Nom|Numb=Sing
Iesus,iesvs,NOM2,Case=Nom|Numb=Sing
Christus,christvs,NOM2,Case=Nom|Numb=Sing
qui,qvi,PROrel,Case=Nom|Numb=Sing
est,svm,VER,Numb=Sing|Mood=Ind|Tense=Pres|Voice=Act|Person=3
benedictus,benedictvs,ADJqua,Case=Nom|Numb=Sing|Deg=Pos
in,in,PRE,MORPH=empty
saecula,saecvlvm,NOM2,Case=Acc|Numb=Plur
saeculorum,saecvlvm,NOM2,Case=Gen|Numb=Plur
.,qvintvs,ADJcar,Case=Gen|Numb=Plur
ame,amo,VER,Numb=Sing|Mood=Imp|Tense=Pres|Voice=Act|Person=2
-ne,ne,CONsub,MORPH=empty
.,vnvs,ADJcar,Case=Acc|Numb=Plur
